0.07246805220171763
0.6147168258609758
0.7464142876446982
0.14477126274157354
0.07865156802593497
1.1729329524460872
0.11041030323504125
0.08933062115315828
0.051930167465572385
0.19225227550266358
0.37966341253559205
0.48649665313561197
1.045808855964376
0.1549327954622834
0.47250140746662966
0.14781581247498
0.06251035238870095
0.11953410015627121
0.26139246294975965
0.3979067923348773
1.7687540230803247
0.022396680542412957
1.6046135133644266
1.7269168815839775
0.04398491063359497
1.3231148800346633
0.768078879716695
0.9555765158308441
1.7153493838231268
0.38801048731535426
0.32891407043847015
0.7717608726991371
0.18948874268352212
0.1921953590457427
0.5513091424943746
0.052775402394117245
0.36207249984723644
0.31322319534876486
0.6900508753516875
0.7359541096079103
0.4417627489767693
0.14030728472826368
2.6945285684286957
0.4687369107154523
0.12659131919245803
0.30969563989959714
0.9813739360462939
0.08181774619368683
0.05697480646873795
0.6073556434951572
0.32991516873334165
1.165801812025303
0.006300847655376371
0.48547398741487435
0.17068348002883862
0.15040240366203073
0.029251544164790963
0.15172993790057596
0.11324173858791904
0.003726860515862414
0.10624988288030662
0.09006192869719869
0.09791309048290708
1.9067563269257521
0.15064191622631884
0.0410766728183786
0.6095826175065584
0.20901161133573554
0.39821817730465847
1.8547137671462384
0.09610803335618835
0.04918820611734296
0.04436531193208179
0.3050926983409615
0.12030456723093305
0.012616895052647206
0.11179487693972794
0.004028233032757994
0.01536871262668052
0.9882183521679236
0.03551761929473912
0.6394812575391771
0.3393222182706409
0.5669750833267353
0.0865010804700201
0.36033170936149733
0.5325528296398054
0.17776037276642714
0.01038019619552426
0.04303681661132618
0.545332155344506
0.3237627842035451
0.47492591108577786
0.3629228460304936
9.809063424421546E-4
0.2342971396609541
0.47128578558772893
0.1207385516405614
0.38238532041828405
0.2616241999118455
0.6326378151136781
0.24400615005808537
0.9504256814544442
0.06045961038029017
0.4126535037598134
0.004605436807247425
0.14535784606519697
0.10618809791966241
0.018166015702350075
0.5842077308142462
0.7090507014228539
0.47340439345822755
0.5679212290099863
0.5679719919469738
0.34396244765101996
0.0797459695413586
0.1693800402704291
0.016309518023695336
0.5254884267377907
0.44790991127327145
0.07829062220453592
0.05811387603552683
0.09965509832380945
0.8197994099878453
0.18469660453071984
0.06618817865538153
0.13756512115952896
0.8792610256675898
1.0769652561444432
0.5154779731014483
0.11609179300801611
0.35818139325742304
0.48234129014916605
0.0788644414034767
0.03639956206352657
0.5729347866415776
0.33913289734501256
0.11231613111714629
0.2419607721710421
0.3994853470757072
0.29845556876851687
1.0520830798250014
0.07823761796914165
0.13447078123523476
0.16128707396629433
0.6908150580054324
0.013601295766402833
0.09287459493273952
0.24012299660262793
0.039288470294642205
0.10570607406325365
0.09616218911972897
0.33715548603534684
1.0966917463877626
0.033514032026304194
0.22806504128004693
0.7489092346431556
0.22874511396849678
0.8816154072970748
0.4317280826642936
0.08515260273358552
0.3114598042022832
0.0074427795819661455
0.6963894173462306
0.16783104887531344
0.16356397456904695
0.09830283507651018
0.08101328067146406
0.14116586114073904
0.36340222943426537
0.583529996779576
0.46220865487374
0.4821485647927175
0.13775474871730795
0.6238496611822669
0.09356395118083984
0.14352260868693206
0.015172709543730201
0.723024767875951
0.52419144003362
0.6092531963490273
0.17703426627461039
0.29097325849863853
0.3438190198985559
0.3157160807598171
0.9030814981443794
0.3452873323988276
0.6674355174289831
0.6541719526523933
0.02415095758442881
0.2727029916361024
0.2663704882368803
0.030030104773375466
0.28234479133929713
0.1965341826627912
0.12936518320198792
0.602006681992161
0.14671000017411004
0.4823958377820182
0.07622665466204331
0.13830967226840754
1.590389770184194
0.07384260637825744
0.27118537129364634
1.2456020118155586
0.47313726906472003
0.009381114023462981
0.0490734425564181
0.5470250962803531
0.15069672459179345
1.267025323413923
0.007357150117435625
0.541662094927001
0.367790398601494
0.38432274253042187
0.712209170904771
0.6301460301424476
0.2429576309645999
0.3040040165460952
0.1913112510292543
0.713664384894635
0.16416128391614568
0.19888501295692862
0.023873232654527943
0.0341138045552907
0.03340858828218004
0.0023889290475960427
0.5579092957234784
0.2473699851609413
0.09195042294436623
1.9887271190654325
0.12404763992411917
0.033562704006526486
1.3949814569076822
1.0828942622552333
0.03151796503323391
0.6774306590837651
0.10873203977886325
0.8009517317206123
0.1279553845780649
0.03461382148147837
0.24757418716483326
0.08610925342946044
0.06293636408790126
0.0766329130263387
0.21582116671295093
0.21607327639951288
0.020783887077630712
0.2811928205664484
0.4378950292061521
0.04400429524675423
0.19180911626678682
0.4477771365931429
0.16043156741694392
0.011342486744685298
0.23276561571196008
0.10223933301407709
0.16754185127395888
0.8232997224088048
0.5855895576380501
1.024004658488383
0.5007142531346592
1.0146412573221189
0.2691450766808118
0.08839977025330918
0.24600198457765404
0.21619454662199003
0.22149138884255612
0.5240332507327788
1.0512525181202306
0.13066675117086612
0.08976588391871376
0.15311998868775803
0.043973930039511805
0.23422658389290923
0.6842701037799725
0.0730060789110278
0.09088355997663182
0.47032992985079236
0.10583052988526544
0.24262011804677888
0.924420774332148
0.18226258596508693
0.2279202758620809
0.14727109419150558
0.014471426192836073
0.5043955075765927
0.6816102756254359
0.07539465070524555
0.3942065747302378
0.978658305987394
0.4473492582810015
0.0713891969818971
0.042656148155768334
0.7454091814500282
0.34217090416319296
0.4723588326030062
0.005571637264515165
0.32882057495890915
0.47144235678618746
0.1384711377497438
1.3750912856913713
0.47976272353542065
0.04134233450718934
0.11864357275363087
1.144787355607632
0.050735132815542455
0.383704879288719
0.35760633533600794
0.8518623301363402
0.17839386382493252
0.21906689194574375
0.8279307079932399
0.24259012975276828
0.04373370376527779
0.3666993615408739
0.023820320133195533
0.38670851974133
0.05173418601122021
0.24563309829939367
1.0892803153686836
0.395448275974988
0.5776642229437048
0.053384626512310726
0.49630467930591304
0.13032912856812337
0.2671860425428636
0.4478027405484599
0.0356767471313979
0.35814868817096673
0.10502038921620634
0.015883965192874685
0.9251707719539448
0.31842809612623624
0.20258736685778547
0.2406775562906636
0.13516256332466253
0.6329681425662308
0.1386373041990139
0.49908891638836667
0.3537644920843136
0.30226000291577293
0.6357196705545747
0.48566680372156007
0.5257233360862575
0.1974672163472119
0.14638657703331417
0.6332884677323697
0.14025736905457903
0.023477975305341084
0.16306774289679785
0.04315653421427184
0.1644569975649003
0.04956744043739071
0.2912577749943191
0.8399879114393972
0.20291654144373575
0.016470818875853825
0.05440996233258652
1.2228823915947684
1.3007460211838706
0.33643982059458993
0.3767948620884796
0.07733470675155575
0.03401940245426029
0.13066381694435503
0.32486619428452307
0.07524683641665643
0.1260998086829921
0.7235402473397788
0.03551339620538863
1.1537817846140441
0.08767093279322838
0.05499051233226434
0.6537517692444115
0.2858515702571309
0.004391272259190268
0.43807756465778613
0.1961080409412727
0.20775482333749162
0.42938173574309274
0.003116585451019171
0.17197974952740921
0.3004578930699385
0.268245157163707
0.5439982858067322
0.8518220746085774
0.2123257428593043
0.030334784384644833
0.11274143454933755
0.18304505441680902
1.1611484920979407
0.05770206845553048
0.4711740279027743
0.03390802232413252
0.23689064958935427
0.030102434998893784
0.7420777306657995
0.24747905973178677
0.3430363762016226
0.5199301160528688
0.10655604997719458
0.8826488916942351
0.8374583894734582
0.2585290606575858
0.013898448097813652
1.2757893443532191
0.6171458191460166
0.9441831563992682
0.11589035942926341
0.3256037284101665
0.06444618429780474
0.050583884483341564
0.09173282136009706
1.0887813735104446
0.2045879878931215
0.128694875868151
0.030744605395585704
0.2849544731531732
0.042991119819984616
0.8330104785669836
0.3597574313096028
0.22164002564051283
0.0683287571355757
1.1747837648081723
0.13893387110424354
0.1424383248975398
0.22346348510529204
0.5486659017517856
0.015456276619070095
1.052500281175725
0.28730886513741466
0.299440683195007
0.44671910547712773
0.04546539503325
0.11969970537405228
0.047940453805761785
0.34259685568897263
0.23668260167139077
0.5623239963341565
0.5024900801668499
0.9190395732341432
0.3067492223358218
0.12624172749302096
0.7830405978012948
0.06039511746686451
0.06031549961248207
0.23332598498001272
0.13474331659546857
0.04930849315545462
0.546064101445885
0.405656053539185
0.2875023007428795
0.06454587021242614
0.2738514297395677
0.003378226330490245
0.17205124138182273
0.22088713571841415
0.15665504254529233
0.33421521679821137
0.8995655707424964
0.25042837756926395
0.4250658506983985
0.4046523302122679
1.0410822637844643
0.14773502744516204
0.44200224928522835
0.2751994426234493
0.2977721310967133
0.29943379418736765
0.12695924598793365
0.6341898337766536
0.7397070253658967
0.5216813755523682
0.18081206303543965
0.04026619060850892
0.7161128727507906
0.2795175378947362
1.8337683410293393
0.2887348277475938
0.24552602856839562
0.07307223558033867
0.6650369921849101
0.08347361370510838
0.30007002853954784
0.3976114370625519
0.6337622814551598
0.22482810189856475
0.20400658250514697
0.6628667142713756
0.04610819552304375
0.03290118608874307
0.6168069221923446
0.6238926735705467
0.5546800105577028
0.1271310700369344
0.38192454571181683
0.22316933918778614
0.1033971416968772
0.09652652211182079
0.1390753175950025
0.33778011274894687
0.038990782195712434
0.49092326183092605
0.17542419463564068
0.04412388077617105
0.8942710392771722
1.8062975120291145
0.1319154107387
1.4144883721272459
0.8075273855304239
0.3980191513775522
0.1047325660562809
0.11365860431300454
0.4091392211541963
0.3464551736617603
0.20512515303668652
2.4368252476171217
0.37665778345364426
1.0433263613887607
0.5060100596407135
0.14870394370475604
0.003093088982621942
3.2297617373882765
0.3892750156901257
0.8175803427906201
0.30422662829430835
1.0870103441967398
0.5336519695551125
0.25427557573404325
0.32374001954570425
0.04087737281807013
0.34526599102670336
0.6169405849448241
0.1005439634428607
0.34212300811162927
0.06464866124873919
0.03079070874402459
0.2959687615651042
0.13294732284319769
0.5233387953147925
0.2371357882941672
0.42637565947510625
0.5428319705839632
0.6285898575548496
0.8612941173253651
0.3739263122673457
0.31777620201937207
0.14783680379413786
1.5904626787641016
0.7644266363301165
0.05937146386818019
1.517186397879165
3.492985057386748E-4
0.029580760277317868
0.7560207922895608
0.23332646380009767
0.5279473949908572
0.25478411722728084
0.3511575330862508
0.7569920016851247
1.5900333216910423
0.18388032533557266
0.5793086177011157
0.121102807191326
0.6887826573818832
0.050254411933963274
1.8001928242604959
0.12956450059335303
0.10021919418015902
0.6390357221676313
0.023701429744522242
0.16664242390253697
0.2652398524144424
0.08699849642893
0.46487754726813624
0.49319917048835793
1.1357436543838748
0.7904442020349789
0.8105931168807335
0.028908080784324157
0.023914874772406558
0.08889861120453917
0.13535524685876213
0.04611302857643959
0.5102136834411125
0.23388573020377249
0.0045189326930611985
0.06254994099790344
0.10984557289386966
0.01749644351319636
0.5212271362703558
0.3531242190303986
0.5060989800459479
0.17407012323213156
0.2841771848798902
1.377104637025926
0.2036094550367518
1.902076528210497
0.422159732546018
0.4620727457253839
0.06687169957560408
0.47935519678219063
0.28942649488732114
0.1041397689327152
0.0771386384866463
0.3696805934949723
0.07931721285662656
0.06724725363239312
0.5777029041945649
0.29323347984249093
0.040237478724857584
0.15166317487950817
0.26041873326119064
0.048636857725692845
0.03556408914494694
0.12465831458806476
0.9885349022748366
0.38411838327111836
0.9599071874364715
1.1157373621629687
0.625746674420717
0.14979970048021385
0.1413113456701137
0.7111435680622684
0.12421294496573812
0.390718982646326
0.2283654960461409
0.2735057580585225
0.3261324636203011
0.6059359160038323
0.06433955583597492
0.7204457675411531
0.6941341027981627
0.006538544844901887
0.04730017049090458
0.0789052577390847
0.13141548457413404
1.3982545109097428
1.42629168336426
0.01386442251307308
0.0015914003362292788
0.10432235819310251
0.398316694904879
0.083109430611705
0.21627003203988832
1.0843972892830183
0.18640759584485425
0.8252119158081153
0.5853891425712269
0.748889957769477
0.8334617958821015
0.2818728006176258
0.23422865791242808
0.050422221825383993
0.08046324546629909
0.05465067172639965
0.07569463449219936
0.2521135748149548
1.7368152534495869
0.09918095462829206
0.09478573363176292
0.8617446904634964
0.7382201672708334
0.4756539050857402
0.28755634745297864
0.40080613525071995
0.1723050034346104
0.25012879061682036
0.34466904797457987
0.7144023268042876
0.21306731308578342
0.11185915172154913
0.6504627097070239
0.20691689152459103
0.48248549155951254
0.19557386714808603
0.22413629577245092
0.026908460771570372
0.5197537190147805
0.2359332067606731
0.21071516288463876
0.0657457814904732
0.1880647501764832
0.11067917393958948
0.03321949550513691
0.2610049264819208
0.08202963613974673
0.20996423580780188
0.15489777176240777
0.3418545212955859
0.8510305223762622
0.3891752964698834
0.100087322104496
0.3121967511204571
0.4592566131158539
0.002126492632386841
1.3725590773139633
0.46909569999262035
0.4418263749926479
0.5024817584211934
0.11176134111346742
0.21558050534419432
0.20202071878936445
0.023200142362880233
0.19053526506452717
0.15494694845472143
0.11707685014579548
0.9742166860721521
1.0430742427159876
0.2569470480314826
0.1223384089948272
0.1813228600701321
0.28639541804207863
0.016433244039591302
0.08968976880620025
0.31948193658503676
0.3605754148917246
0.8245777070012482
0.23134189150725953
0.4876111220263426
0.48039042479413474
0.021615541122905344
0.03406150961627813
0.28331669596896053
0.4825385654220063
0.03147277063708937
0.5261876072494157
0.19663253872135883
0.48150255579670714
0.04530268461736134
0.2725128581437313
0.4746899311164362
0.2911610254444701
0.04068664720586172
0.007003453512192407
0.4559008936615878
0.6532985433241444
1.3208713353911208
0.19233089199950199
0.5387149786628647
0.2125840077745258
0.2223773011004203
0.1654089457024059
0.24782554715845095
1.401557630006474
0.1940355066777905
0.6495185918419831
0.05939311233543085
0.5801830375419312
1.0096612035592814
0.006292829708160571
0.0022420606023785612
0.005268352633883305
0.40731875905848486
0.1887448438193028
0.5489638163147839
0.11369464962626796
0.48808399502882865
0.6948934871135625
0.17519560492042824
0.6474158759858815
0.7433415842354969
0.31217594946227223
0.486473199309172
0.07067950053703904
0.15153819751574205
0.40952917923984217
0.09765046700489871
0.42787005228816827
0.052599513746742405
0.1078665462748333
0.7876487524209033
0.513089901829302
0.8434509253164115
0.42355312125223527
0.2561299649278763
0.2529240385323658
0.048702415818940886
0.20303558861769802
1.1786159805576095
0.512788064550991
0.10453097251336853
0.16519818519733326
0.03367505197321535
0.012051834340108583
0.188668453908497
0.13446628277411593
0.17422246731330554
0.8486084851482746
0.007932631760478969
0.12929563572088884
0.5690082507353701
0.1813792993425203
0.2822205288908843
0.5432893830311036
0.21225852498898196
0.2835675644177276
0.05067468906665083
0.02288450888067916
0.07733327005386029
0.31560316649843134
0.3708050789187462
0.0013956473148447259
0.08253908514481983
0.051721451759108535
0.08549645425633229
0.13192068480047223
0.08398016205726144
0.033773375723540444
0.14801300367394066
0.7742029953981213
0.12957948228046318
0.10383047463493528
0.13720925194324787
0.22399919801892162
0.6342388084828009
0.44957521184366533
0.20951277039775534
0.523997158013937
0.9549584320309932
2.0183927257411223
0.26546255498099935
0.14626145055824344
0.1163152339544618
0.8776146142217518
0.3194207931106791
0.07886566441460555
0.4734428259943414
0.7520969393444765
0.41156145039087
0.4436118056691481
0.21279592064299024
0.3942112790972406
0.527086839675188
0.20328334539441828
1.1519665317614305
0.6113765719922466
0.1572898818348989
1.2471682543514138
0.175551652421701
0.1353171188805078
0.7768063708964712
0.7835788226778866
0.5107698249193431
0.01580920811185653
0.23279763991165797
0.04933364104391803
0.20947853666927946
1.000956224881752
0.08434147611154603
0.457518682012757
0.12933292538151114
0.16507304335522813
1.130124804593063
0.427920624742012
0.4816631254440355
0.4258556839602413
0.9773573387172634
0.03758713211300598
0.04853708480613995
0.7793327765106689
0.024663979198041863
1.6467270280890045
0.9314168757476847
0.6029858998062199
0.31219165252154846
0.9032889131106088
0.09860759903096236
0.18331435613831318
0.43641176549986194
0.15681630844684785
0.43923903092669503
0.3012764950460799
0.4667896805477899
0.32808941437215344
0.20724789652667622
0.19684783492432578
0.1222250957400719
0.8223786084166389
0.4563221592665095
0.09668600894245861
0.4419648852077882
0.24018109341676763
0.1149570144564595
0.1569576230088042
0.13868226036813555
0.06264374580285993
0.014086748769305917
0.05673359902362751
0.6043436381958218
0.004608388511496557
0.06442508136009345
0.7969236274611361
0.48870261752914895
0.35085017357636883
0.5972731255842738
0.11874631918732777
0.11074422437393815
0.31785458147321227
0.4231822677693211
0.5797851649095398
0.13984933188274037
0.044813318856043796
0.004509350239037604
0.19949958445088417
0.8666533577208092
0.09878366050487547
1.292533315814154
0.5609128417603213
0.5271213480886137
0.5884175946064594
1.1680256891487153
0.2529051282186801
0.09462699453969521
0.2863817442435253
0.005759311628037814
0.011796868493111751
0.14739970140603603
0.27516182541424833
0.06089007370167814
0.7505554844652617
0.20144263276264895
0.7206425087717313
0.49393145021769247
0.08230368904910443
0.053124919379413126
0.026496681494475108
0.015260590439115073
0.10089858025196435
0.05781164252824271
0.09978114775776051
0.5133548586058907
0.9061464623886476
0.33865640007048203
1.0686830124671278
0.09571255934541069
0.07951850659601847
1.3715259229010293
0.0018865531142763872
0.13661563222403095
0.24847444410819333
0.1721947105572388
0.13313534140939806
0.47275853764798803
0.49155805174092654
0.20433486474022655
0.3602126845409368
0.20894038384947644
0.16212330674710937
0.007786510104351024
0.19830349668139294
0.0024880166367010023
1.154076783832855
0.159910110304965
0.13930796938633722
0.13584326759675436
0.24569828308333586
0.32113031069221426
0.2133478490812635
0.36849070516385546
0.31646470985256775
0.40460888185623783
0.5260028317312134
1.6993884574097033
0.07606129297800307
0.1372925301899702
0.5853344846368073
0.33913236569508687
0.5492507056951761
0.0469122747983927
0.32208029449676767
0.38307334967746764
0.14537455881145564
0.5683611531196527
0.8919151686231215
0.3077750536717499
0.02379856224612531
0.35367818397778206
0.035819262784553316
0.8082711044866868
0.11135107002175021
0.26071070589873696
1.1759444010348692
0.019954087667162085
0.38554021548704653
0.17152742309597013
0.5054904917556975
0.23477544980686282
0.11741404539491204
0.020895834993591104
0.04994003885226148
0.4163620336482865
0.38241207130272303
0.36879563544278404
0.10088369229946409
0.5278221300701006
0.4892629747369531
0.030890959849484017
0.06094717131130165
0.1352588056613272
0.2952796678143604
0.6664695344936341
0.12716732046470086
0.0998346572310694
1.3291097736182471
0.21963475132438257
0.19512850240038088
0.36558459640735536
0.26720977593251216
0.5090689636645488
0.5160296889881189
0.07919910794036387
0.0506122865342131
0.18093189504791957
0.027656026593782527
0.14369515095374985
0.18370339072379455
0.28256284166708956
0.16534946176883902
0.27558399426113056
0.016918429626818717
0.38347714691798324
0.15483220931543143
0.3867277466287581
0.1673235785286935
0.04925856857146834
0.23797174352709444
0.5899695981374947
0.455318572192277
0.3020243309473181
0.4323455339833688
0.3243530474061586
0.3786280694570491
0.21497285143591194
0.33821910579644965
0.3715758125960188
0.0334126930697082
1.1112419795566075
0.05167663755441596
0.44220317605440856
0.03649666297943909
0.1766776525825828
0.1168034775801495
0.5951378789656361
0.005023524230823515
0.4261707081157454
0.1055159453916728
0.0643516740681421
0.9119266788895919
0.5587490316332855
1.4588662029251676
0.13256814218581522
0.49844266907824447
1.1220391841426514
0.12505142911145334
0.12548895993505166
0.2076499864164752
0.20003356355983537
0.5492641659211828
0.00214961986531008
0.31162115801621504
2.0832937087005
0.02216274408089179
0.4932647166802794
0.008129369889340867
0.3598097940320895
0.0605118023709742
0.05704516008773449
0.2349282243281312
1.6663566897892002
0.44274201918881634
0.4219763085192685
0.10946500839420564
1.6937331007193497
0.3113876522365209
0.6701177920404682
0.04216785521987572
0.29471980801207476
0.45155361600803057
0.05073063842320965
0.05044597170412336
0.12549749991815184
0.3716021260141392
0.13370553426668125
1.4735404010467927
0.5521253659853499
1.8253071662637121
0.20120047382415546
1.032514050713177
0.15214106171017494
1.437570570651455
1.2807471740741456
0.263408128399509
0.1396098319071163
0.020318204343021506
0.320684302536155
0.09380056155852058
0.5352278462772214
3.0305113455752695
0.5068062512176952
0.4728625253348052
0.26177194210453325
0.46074891684680763
0.319275949299992
0.06109117715778515
0.8547596929362619
0.05090291224805876
0.7716114553729285
0.9475936625005799
0.5471964725778089
0.998304588851705
0.16947047700402065
0.37145200766334624
0.4452377141429492
0.49294982849987745
0.03752113553830656
0.8399822713032127
3.4668471824093348
0.4336654197095366
0.39186949777626695
0.5494727048698156
0.005795950995312244
0.45078207826534566
1.058233022353682
0.0154414841067844
0.07187083838775277
0.2680246871845142
0.3530569613901953
0.03442260482083635
0.0781921378570004
0.03924591929799618
0.07436212998688
0.11784787803473996
0.24957475403232515
0.33427111479912275
0.07878883293961052
0.03371558193941016
0.09352062629164604
0.35377488707677573
0.3614088240644766
0.7633507259132692
0.49641402261653883
0.5816273956294018
0.9677784873646048
0.4535329014409015
0.817544627777155
0.3510022350123288
0.024204545227059122
0.2699396480106814
0.5569155719224944
0.12918258308058425
0.127980604797206
0.33389436054241406
0.4955685019712775
0.5538643101520354
0.08463824114757296
0.3224795556789017
0.14137527247943202
0.3292559813855672
0.41874024715102887
0.20834564125918356
0.48329498903215923
0.5206098843168669
0.2729247582952247
0.22461492292398905
0.4387384225279954
0.10108649152710478
0.3809339041861709
0.12637568452263387
1.257998206038764
1.1608169541460138
0.47507749086981943
0.016978613121810815
0.07978553514889133
0.25551367342309794
0.05558269317241985
0.04809744560033306
0.5306330395198087
0.43947176866870424
0.12857701591604842
0.037974032264354585
0.030646607901810147
0.20236127842771373
0.006620593800348126
0.4269899352773515
0.10722607284809127
0.05059496522592638
0.3560765880252628
0.20717297895436412
0.4309132484822642
0.07641258191567633
0.060021344995564524
0.02392209118600379
0.28649270783400205
0.09121272219133733
0.0960336798753454
0.3347857366074801
0.5732333455169272
0.36238663625943546
0.13874027015692578
0.03134200702333616
2.1955840995328235
0.32436623749480953
0.24027348039109794
0.09002949667122903
0.23237659416623802
0.585982305418739
0.18567713641831468
1.5107629924585924
0.32264903514521825
0.4318143698191688
0.31904050198860406
0.9745640199882158
0.07221072337570078
0.007541895079736395
1.3986084096715867
0.6708152402552516
0.6462471980730327
0.12689929323877905
0.00928651978500418
0.45567708376244515
0.22448111643993812
1.9997993208407159
0.4961384992654834
0.2882962947014656
0.010990870519903802
0.05363958268497258
0.5160467893624276
0.24619677248914018
0.08400791917715618
0.0889033420231611
0.18110222849781282
0.6934156122333233
0.007976044724838647
0.4598684253279808
0.6354350511110682
0.5461225907906427
0.18446761084662905
0.042661689228813644
0.6461811951662493
0.029371849174933146
0.18134183060138226
0.16734824974072007
0.12340560525965039
0.05831512759319987
0.059110716230671406
0.17922436401247088
0.42176114916090385
0.13782742322724942
1.670517865564924
0.196487172427968
0.20413341961120518
0.3434469216009766
0.021599858027126044
0.37100934994893925
2.758643048076634
0.14750103285594832
0.05940124623140735
0.04687504260079193
0.4394035526774254
0.7840768000407627
0.4238559127916569
0.02532733771237594
1.2160116131853405
0.03062387158536842
0.0620120154616167
0.10086488250426513
0.7194879377265102
0.19542101381795252
0.2546623463769612
0.7552512465712378
0.9009631551744205
0.052096922748020316
0.11222183897170698
0.10946593951494983
0.8660032206904282
0.00626412878016638
0.02817958144843789
0.17009410566443242
0.3953232542398273
0.30732298890470955
0.04630627240446794
0.7377971328235762
0.5534726219913446
0.0405302023716905
0.029912278365647017
0.40757250391399996
0.015271879305798292
0.7956966917167273
0.20095506577351074
0.41825996670450855
0.4915393608430787
0.12693501330593268
0.3633035210838517
0.008218742256037624
1.8596026160846877
1.0800760423434752
0.6226031370552312
0.09232593668256497
0.16913682358853518
0.0028437028787958347
0.6100323093489315
0.19717442419813017
0.15954311380699177
0.14410653515524915
0.20182239667923846
0.49737014094214227
1.0792804051592233
2.027612244053402
0.02964959307766688
0.38936127270109067
0.3651574506737204
1.2740440288584194
0.4394489280455759
0.498716564154814
0.3630041964478554
1.3282467630769093
0.37190374733649606
0.5135306708184998
0.07392957317317594
0.34918535439733533
0.22286676956260432
0.08117643547513734
0.024285295993734992
3.1036904686494644
0.5610852907874473
0.06478259709145709
0.023000172725621205
0.009386680121287677
0.30610097189625324
0.12490723251844589
0.6034321625487331
0.1711480288597435
0.2170320310866837
0.0746361378064449
1.041468418560362
1.6798165431871919
0.7615422170224215
0.17610095860898525
0.6526394711112359
0.03285749966451368
1.1068857040733395
0.06765566073188403
0.30238692404363415
0.5239962079117007
0.05954728961450698
0.6040872915628115
0.9261979305621352
0.3045049202132669
0.689014286090947
0.11401119000519573
0.001669513625490749
0.7780406161126983
0.13323633102137952
0.25186330274489804
0.9846265655558302
1.1495964427987841
0.010389274910711468
0.20845095157727775
0.4969501323014262
0.5363984080572427
1.295449558143309
0.08970624844284421
0.01354193428010037
0.21120987115348108
0.5177268606251046
0.4726763112266651
0.013849640866808628
0.10543142130802527
0.05862659887956329
0.5505538986694569
0.41302667015640054
0.06432343276425213
0.25100777478580155
0.16817701459583526
0.6581987675577913
0.5097317331728523
0.23174254150094692
0.01364392553580137
0.00849338662708244
0.027717542626992678
0.369440113026917
0.22369886052714794
0.1968211227907947
0.2202358948303982
0.28617241340357563
0.11133154705862902
0.5814853668310935
0.606307239335397
0.2232881261497523
0.12954376942615628
0.38170385322832445
0.04127402739451827
0.329904588577711
0.43200533423898474
0.09911808950655854
0.42056793549291227
1.1488437025701101
0.12318628963030276
1.0295299142601468
0.38982515988521016
0.4031932366103218
0.4527317955731535
0.4227135512952834
0.6166315754152039
0.44552927827122235
0.5958479508274342
0.3764456157442205
0.5850993905941251
0.3529633230759546
0.08922272048561221
0.854885535180894
0.9867463281820182
0.001968312150428638
0.43996300576505465
0.16922425619177492
0.05511783630950665
0.38954417214741216
1.620347183305847
0.9447425085279179
0.029435960450789424
0.068207351681032
0.3002429125746684
0.8348804659860551
0.770421106195045
0.25398798654203836
0.24613516494871604
1.4249618137442208
0.03457151789069309
0.12375001286852434
0.2690013973261547
0.6329475692079428
0.12158586537756327
1.4025565502959176
0.620721743028282
0.06847679733377948
0.17152463692044143
0.40065034734304555
0.2253284760696822
0.03844670311265813
0.35523341740764913
0.21647728367927183
0.2777396136443109
0.2258169821019873
0.17886059594800174
0.3327983966444298
0.26857134039275515
0.8120933535842868
0.0538722979768698
0.045473977472966054
0.3745837053249686
0.01992410709645659
0.7529056463713398
0.12673637195513301
0.1743296296890546
0.8245113669046236
0.420937886588042
0.48730953249417464
0.18395148686066826
1.991868119783598
0.43297791381538975
1.2337378583212422
0.18737030981883365
0.2062997271333187
0.02761487701799339
0.24337434981078288
0.2538524957038401
0.2858882270572063
0.004801163709984188
0.1508471105925882
0.1958298167962581
0.3265064038396044
0.41185357728952326
0.0020575121917734023
0.714031367089472
0.21368639041118068
9.049651388950339E-4
1.8593537150023751
0.1717663254394785
0.23732369530292735
0.6797102553902531
0.027998776683400218
0.2580707712325498
0.22956246329960067
0.08374779885902248
0.10747970192969525
0.6553034734273169
0.7915342057968335
0.07324393906065446
0.12028887265385942
0.6247875618821559
0.04194230059046561
0.399587016219459
0.6949271705977691
0.53409691673436
0.16575275993360117
0.968790546153379
1.0235683256881596
0.07792176282466068
0.06490535190846485
0.02884142500430373
0.8610266362843126
0.6057514834216299
0.0067608481925462965
0.7256023096183889
0.3165043044983881
0.05221971581603466
0.2990465485373768
0.16346597247778255
0.25045612942295153
0.03594501170472226
0.9546293160585948
0.08884902110246251
0.15359740822431808
0.1215853010656712
0.42890408047356454
0.20707548199709727
0.16494048635784841
0.05148957188871103
0.8713993425511819
0.968390644828261
0.0027673780878588222
0.5704719690833938
0.21314196515958245
0.12258417695193816
0.13083772137379243
0.4591933008546548
0.44194227344736514
0.6078719072080895
0.27642734986265227
0.3939139647710495
0.45614356142021073
0.28711562085310116
0.1620505230283818
0.5154789886366002
0.2579488546136771
0.5991979042493298
0.49174939279429625
0.18199313943590467
0.4838509223978086
0.41189907500814776
0.17652467978169717
0.7410271906161987
0.24645035847111246
1.2305714782622892
0.14067435651334192
0.3268987801209961
0.050731980900521306
0.02392207606891152
0.4384128433670503
0.23245698455180205
0.4407883175341397
0.17504583980796964
0.4487380011976345
0.4706827192783983
0.08449889745296052
2.1237682142201777
0.12735207469035098
0.4401627673435812
0.8842015174206678
0.6626665645787532
3.1578046806468216
0.1793745702915106
0.0320282665089868
0.10061844668564901
0.0724091503875004
0.3008218960073369
0.9856176534672529
0.024041629239274158
0.08034083337322116
0.2724288726678775
1.1891948514178055
0.3773359040474114
0.4777128567791088
1.0377147686402592
0.40508667797117975
0.23498167686305754
0.06788590584676148
0.18415849191069983
3.490587203017563
0.19132906247627587
0.051731512252435614
2.18987244437302
0.01330677741667539
0.19602312190032706
0.18579762634392352
0.29703939404545965
0.15951932414779607
0.09373184948636769
0.027141186874380725
0.13851376295415127
0.15243325694409954
0.12131314649492012
0.08202125004798273
0.6711145011022409
1.582089736877354
0.15367859552680252
0.49047854077762765
0.680005599613987
0.057403331445995166
1.0520203570476567
0.07303204834805035
0.4658257401600299
0.12083945107231871
1.1813071053049797
0.3503927944067941
0.4556660260898577
0.737770143987543
1.7910597400087207
0.028578058073718743
0.013719763564062128
0.8402475193274341
0.26672689210729944
0.01586280841447963
0.08182420800411984
0.0901637238841736
0.9713671421365584
1.236757640695455
0.425551900216133
0.15132925874428232
0.027709705668742098
0.2129571029021926
0.281497490722713
0.215151483314786
0.27126278957538175
0.47916964931984696
0.32654358293077224
0.17631108268993792
1.2291936605422524
0.565337651555126
0.34141546562198566
0.07578169141531033
1.3635964122627935
0.25952609922225917
0.3322186483322112
0.49781123104961666
0.018990582676433315
0.6105557271759428
0.38068330579458387
0.00435511649308154
0.5074660824882501
0.009980534715940128
1.0659238272362404
0.8894227416249558
0.26131720509648937
0.33528997233593866
0.17301510068826922
0.545889712931036
0.7161595863617143
0.5099093530116793
0.20319063082385827
0.5267028457315952
0.004683788278502673
0.2630980095571727
1.2804827882905823
0.29544507888974714
0.24722293951531632
0.08780996661521406
0.40862933398292467
0.4799845201003235
0.1583264767502223
1.0736954591834242
0.028860342561315047
0.4361492161871881
0.045328276403803075
0.783135359109183
0.9258444453643814
0.25486763236757237
0.5898004295723268
0.32953567306963133
0.10212249569602246
0.38150336463293893
0.11479045658506365
0.9521478293655031
0.5604966399147269
0.6056282447499532
0.19389113292286578
0.090529546153958
0.025233548917925237
0.8181421101530978
0.16902029483442332
0.27670214653222547
1.311226477953179
0.050928988130038336
0.040338513031316636
0.12509396268430362
0.20454594753193137
0.04560140569304172
0.07886252256998194
0.4769922939538254
0.010956364485665834
0.26397205813783037
0.12415303177596554
0.10793263471768963
0.048630766922461474
0.21993842754712437
0.02342543891582802
0.302077391051237
1.0658906239814738
0.23116740524736723
0.06728534637858255
0.39613898201112013
0.9475049519319195
0.39211476548368607
0.1825464224841269
0.0918591297534169
0.4478602775292595
0.035666358639127135
0.16314534137402584
0.011180669198189129
0.6018529856662753
0.8425607963549991
0.07656989926044305
0.4262596895829237
0.5626558561995584
0.048640097091312486
0.1490579039642589
1.244137479529716
0.4004291429865878
0.3986795227498153
0.05671524755801198
0.9767689318665075
0.007616669385787854
0.3774724839357
0.4297042857021811
0.16480869935530112
0.04185453703887611
0.47358369295720626
0.03135616712709408
0.3469401433334762
0.20594664949537891
0.1707777443249179
0.03800967780090979
0.04615694834190696
0.27692294708468346
0.11103426650876204
0.09525082358571992
0.07918964927207978
0.2981377296043818
0.11325904377510367
0.006114509653781179
0.1201886887072443
1.1648601209058518
0.18871652398836655
0.3531231597928289
1.053098153971738
0.18402089030445287
0.04506555507382102
0.05568863350987553
0.3079358643874972
0.22808235729201415
0.5403742075438936
0.5445228625654879
0.04379513326471991
0.4562008584310859
0.054174457389925164
0.22900145645122716
0.20898498497233464
1.0447896729697665
0.4041314900725999
0.3191514394777006
0.17445329566255777
0.6359041583121834
1.4027356956149417
0.6459393186812988
0.13635169721330948
0.016721198282502032
0.3574093603309336
0.40900600928327063
0.10915144746700103
0.5515798009860483
0.20653555128323536
0.017877469979397816
0.025700658393767034
0.39271628769211364
0.5985004844120152
1.6298985603810459
0.14645095242058428
0.45089238651501823
0.7830946370900906
0.8534617891173301
0.15941156528131165
0.20325373499939015
0.17005978400194582
1.479938863375418
0.7897456397778053
0.6553418568301626
0.2874339575550024
0.28854836949620016
0.09397240195708913
0.005361264791216224
0.1270784303322724
0.10002401657361967
0.06632608420192068
0.12490362448033204
0.5327228096828829
0.1501763635042397
0.9298490621290137
0.2161797838291814
0.15851907290262027
0.15783604521468372
0.168410535911034
1.501106244743522
0.9977625669935986
1.2092998040225629
0.230202412118106
0.047108655922014145
0.07794553781077648
0.12087726895758796
0.00207576871487725
0.1320748046824346
0.05784751058702524
0.15730579656812377
0.017005006305478534
0.2013674354580033
0.03866342149738287
0.04401685551182118
0.2565348554755016
0.3031390534208234
0.8518904367081986
0.03276484436781868
0.14313233515620163
0.40679248084409025
0.12883833810182782
0.5602143992866911
0.37737733821353847
0.7754039430748131
0.945697914756791
0.7159232798809138
0.19877547073062024
0.5212068892069818
0.3428603922080185
0.3099584545991862
0.8237536828812366
0.6045443460194594
0.015994064713598183
0.5674301763802753
0.3514554431247894
0.06783752704640568
0.26967795609842793
0.7054850967974019
0.0760186343146668
0.07069939452768442
0.06651474018314385
0.07095096340900817
0.021027686759731563
0.08791362017162418
0.5132346448048806
0.6718449598977874
0.05891045152908092
0.24648307166603256
0.21165472993816978
0.21292833128199978
0.2726664364207697
0.04883711600361108
0.9028880712080289
0.06444565708901333
0.2245796979146399
0.09929429679586341
0.0729822508458981
0.8578594323876332
0.3139078285110218
0.33629215192383893
0.4282617493222301
0.8854249283834014
0.010104603174715393
0.08227680802545143
1.2996206218268738
0.06852898768615051
0.474075673755377
0.3577992353595284
0.47965903518286246
0.013147860778648622
0.013740435396688304
0.3782632393799489
1.0230375473391873
0.11706044097321278
1.2117962859453408
0.028320656893956093
0.19116222607596342
0.5958633692520688
0.6871192476442582
0.932662738522941
0.1341614010759585
0.06702369417786291
1.1284989944134842
0.31524059696240087
0.9936481241413843
0.17983158127839496
0.04409192929710277
0.01438440682753553
0.005906409164842509
0.8717225061002032
0.7866580938529962
0.19033125289556127
1.0675060183350442
0.011197204119295407
0.02057243335339393
1.1516958654676328
1.3062909016615118
0.7105099808190783
0.04541977345224249
0.09115500943809593
0.12626261213525725
0.14224934829829533
0.12172423979173433
0.32948900240639545
0.2988489344022572
0.009561839137842249
0.030000817246345488
0.2816648605568859
0.2919061207517772
0.2866303336292521
0.050209258980808275
0.45317423070133633
0.0013601547954615468
0.19919969877227542
0.6169565028397201
1.395180413676671
0.15310332422236667
0.015204349263427792
0.3544522892810003
0.2640070380941181
0.9153051461347376
9.53141702508754E-4
0.20986837537197062
1.517224523565349
0.08067082942383275
0.38385312987716463
0.20993633054065824
1.8092469878621462
0.9141823390807491
0.46695943626992453
0.5312727412131878
0.16634326207675765
0.0904810214460384
0.18191777212225815
0.21067601283492027
0.027471080796195608
0.22766972412117648
0.8044271484177946
0.11505939236566276
1.0683318673787454
0.022216258183348898
0.3280124080248547
0.2696989545105028
0.41233362199553897
0.03432940408397275
1.0298800969576405
0.05392672923642145
0.5111036193338857
0.20189723126467318
0.14702199121454268
2.206294197697421
0.13644933750208696
0.6491092596466287
0.3050461252309211
0.49057481253394775
0.2769504492648936
0.0437137621748501
0.0192862685323519
0.21500659453775386
0.342314753457546
0.70715449461494
0.9409278187162996
0.11057049312054341
0.664024923956344
0.16960543929662447
0.4499794566053672
0.7554267441879715
0.6150275764193185
0.24608159959703602
0.2112661749964701
0.3031802719594336
0.277842594243377
0.16749668197881276
0.07583312776468744
0.5390727273290231
0.012837059735968326
0.2732905401789146
0.5002800516225302
0.09031364568721666
0.7752644496579544
0.7951726534077838
0.03924863795937199
0.7323337883277562
0.8057590656894384
0.28814967845717443
0.23475332882913144
1.1048960735039468
0.21034506027801597
0.3941378785569838
0.009830054555529308
0.24563603682501411
0.27210769676665736
0.6338078150562693
1.2526068678315028
1.8837796110525589
0.2020782052955551
0.0020916969084893195
0.15444544943085875
0.027321494357225536
1.5908920893873342
0.11669178470618226
2.616830140439237
0.2592737659779838
0.008406463697089164
0.5365601300242913
0.2561032735069595
0.10881717271080962
0.13756355607005488
0.15588182137406467
0.26176933174876105
0.1847456466192896
0.13724946958582224
0.029675849242613093
0.855836781933788
0.11074900421854546
0.13626647766856423
0.5291005331831886
0.0984159395045911
0.6015848611903617
0.46673252478053623
0.15957621494249338
0.04455828938194296
0.3420566530861741
0.23306973340732695
0.9474838509790928
0.18763649673594818
0.712619492926545
0.013461924062289188
0.7205856519002316
0.21366348413082645
0.11443040257518369
0.3047191332449851
0.7765291106337293
0.2338989408405221
0.9852281809657494
0.12839731735205706
0.07417363256522061
0.8509877741775933
0.6427963568359669
0.8044839300938867
0.7532282033862435
0.09916429965959409
0.5447499269602302
0.05155284624935297
0.40853545504510524
0.023079650816431582
0.00994753213609411
0.03321463834121631
0.19513129708231233
0.05948693575093784
0.07568013836797763
0.021412146080338448
0.4469578507396586
0.3695600658600083
0.35733192700541616
0.12771516351213388
0.24521156766418678
0.9545927717944063
0.5661356028661266
0.6847186326874003
1.795900701282842
1.0299408203390803
0.18992266991380255
0.09535574237743373
0.2776412314168293
0.05985664451440334
0.039359709859891026
0.30108691621648903
0.03197988058181957
0.7500462142555959
0.2582823050611382
0.06591086930532868
0.025165654237956785
0.3206762624174756
0.15953779055212042
0.08957259839433623
0.5871882237596514
1.0297769006196038
0.5546297213181768
0.09931284429658932
0.020780456236401082
0.16551414213550067
0.16567739539659343
0.226251186297207
0.19655403361096077
1.0006912634090959
0.8772167411684766
0.14075610217228351
0.4951369557097725
0.09112732926362023
0.38627803778899167
0.2788341339846241
0.3746371941334391
0.33774240958809015
0.029039985029745325
0.1792519635215502
0.08688603069284348
0.46365002262475674
0.4177240180109514
0.37118702978919493
0.14801909831397903
0.25880826900634507
0.5888038441835147
0.8799166765087953
0.25774814040863225
0.7816253987388794
0.8053151343914059
0.06479266205379072
0.23819242824745304
0.429260773645962
0.060042309895547485
0.22081537667708853
0.17401355263470653
0.09351394153798527
1.030309975352196
0.16890582958792527
0.4448680601401614
0.12166943544397182
0.3716295350597733
0.13294524745778374
0.046456322798522104
0.039821769242330086
0.0730775197690279
0.25758822241457685
0.037135057796268495
0.6139075127786273
0.015318696714223166
0.08914067482699486
0.32861751830294045
0.6177250870501525
0.18016823061336765
0.02872374490843568
0.26374692086892976
0.707030744080481
0.9164381531907616
0.013026043862222525
0.3744255063188761
0.23787658976186832
0.22678074399914422
0.06689268515815781
0.03689442696534301
0.34849312811177674
0.059696845906886016
0.7930272997331826
0.2991280959786115
0.5470942778142396
0.4302260182087701
0.07897258298413132
0.1051320270834554
0.17960495589262013
0.14519574387170567
0.46380311548934916
1.0308395122311396
0.0014019356537520657
0.9468887464558228
0.5297996595029896
0.47750261177029096
0.33603358457939786
0.2012899300858287
0.111606078751722
0.10959002787724162
0.032994046131829706
1.2953171895946316
0.330980926441918
0.10985073064886913
0.9563020963759066
0.6045592108217346
0.6768675913548239
0.3324626468704387
0.5239845582473166
0.17772519340446474
0.35836709496394775
1.2308347922589196
0.2788718207042485
0.07619692575333349
0.543387219349169
1.4689640030347508
0.22621534619489192
0.04616906754322024
0.5449085871349348
0.12534710268309407
0.562460513194941
0.41433202446622386
0.243191860315345
0.08592781216203116
0.476924036109131
0.14676127266714248
0.41794612386670915
0.027531829225143606
0.27206243407298664
1.4029516057753233
0.08565305597608477
0.09612657831258203
0.027460126754017485
0.4059657532614243
0.05594753083553676
0.018825599213222785
0.5233795420756632
0.027125400606309694
1.4028141587186096
0.33076544097757676
0.06188444858704353
0.4482733951646263
0.4452407317231571
0.5636945580308794
0.23885083701399223
0.20842071457754377
0.06312264022550754
0.3075482893588459
0.7547976083444953
1.1700722082102226
0.17828525300114634
1.5835163155320517
0.08834341038400838
0.12041774834305814
0.2286212735040774
0.12456946029736005
0.3253344665305797
0.3471362772762664
1.013372869320209
0.26142192842394035
0.11391851315695209
0.037247899186443924
0.7996030090475091
2.351199993298245
4.6275704661241223E-4
0.293350973784812
0.050614277075022536
0.19891915507925384
0.25303734826719637
0.08660114356395664
0.062265260026471134
0.1782551110817098
0.7615779352118073
0.7802743893427745
0.31905547400250556
1.1673185792364578
2.6153971675780086
0.20807860124179015
0.060789040456288246
0.2838480219491262
0.015515641933461367
0.00980241493643583
0.10331901055559756
0.6685368506005968
0.3589561092961036
0.6094881290973203
0.47135721418465215
0.9572209616988935
0.1262014026623665
0.13051643912805624
0.46917328683317555
0.11261509760941871
0.06731485758395453
0.009977165513909682
0.02438792779442342
0.041444094847521304
0.6488752742077176
0.0959638706876727
0.2216747069032037
0.32955914116756413
0.8487115018061632
0.47978886614342175
0.06340670964448814
0.08976590996057585
0.8284526606778243
0.16695639744305477
0.4420409184182101
0.3900285762888777
0.8557687943240482
0.0022255989268506996
0.9093072742021628
0.9302181794091475
0.10579493346740862
0.11473527462218402
0.10829489611875306
0.10051213919388576
0.36587552052984595
0.501804595602325
0.12564875663560207
0.5565984241938441
0.4633697624296498
0.5382029776701823
0.10104169060838962
0.2257534221533118
0.087514515719542
0.42463273878197483
0.05232032794603976
0.5304245900172984
0.2381914849872572
0.01061534275417526
0.27353433421796947
0.05057079584531257
0.21064500472327158
1.1142882336780096
0.7442678065099831
0.07313830766519387
0.07118964146181497
1.2996898973804054
0.5369436350717475
0.13833578606298436
1.1025467328013665
0.06348737492195193
1.5947021134794623
0.0784020810337836
0.005322738074998852
1.3053515053614464
0.2070763962229902
0.3566163835412346
0.18081789032833384
0.7414669987773382
0.14527673304502428
0.10141260107028023
0.032819219001742436
0.42966556391422506
0.03871068289630381
0.09475143209744966
0.19539829193019354
0.17037621968057812
0.29503182226046354
0.4050954807559997
0.4496078623210356
0.14146702820900686
0.9683894989095528
0.17830754550502614
0.8021658350632956
0.6500165556655072
0.4189683359715105
0.206965467521302
0.3104253624545604
1.259860226725218
0.19532756543629953
0.023823169424245567
0.21322998092022807
0.00848647095309512
0.8770305381271011
0.6903036955430062
0.15603422176762502
0.6216112936785958
0.6919745611598881
1.0605878436335034
0.05974201967418411
0.650481211918665
0.15171634152092656
0.18451114551985331
1.221832677787943
1.9416265262722687
0.20354524334058327
0.21808959524809224
0.012072300693958725
0.3154558734984999
0.48533012649700824
0.06426434537831402
0.03490168130519036
1.290690083860639
0.02909141266797768
0.16053211254030192
0.09887677986749938
0.03662289523766127
0.4343267845437505
0.36940042019716623
0.25036354253365956
0.5800869232995193
0.03975067681876857
0.1311584079115284
0.1657839697544332
0.0918362141074284
0.3038705818523002
0.009700415284576956
0.36531505710506884
0.25659701354462217
0.2847498045680858
0.3840728210390398
0.05317190355576831
0.8060390151617326
0.17597372914979348
0.6601853195183551
0.1048649519172743
0.7378950965264724
0.4205560930057131
0.3965089654551083
0.2638755609719479
0.39791608973809617
0.7460580096781978
0.1382662390426497
0.24979465198902137
0.018891626150352926
1.092417323126331
0.21407444671602074
0.09469028464519443
0.019171856207852955
0.20578729477475594
0.06156480749951949
0.1765517866480416
0.8724329109476053
0.08226619171151106
0.0038160606669215445
1.1287033507576305
1.4141793577848398
1.3481164560655978
0.04686308883547555
0.30581788944843535
1.0881564209394554
0.04766548775131841
0.0711842808237053
2.041152792817166
0.04175076681044168
0.011070406081846097
0.30418266914360614
0.1076951312247326
0.09644037581179762
0.23077115593756958
0.32031913793316164
0.08312190640837186
0.6592981949499608
1.3280926510818836
0.13613873928742584
0.18367840200711325
0.12907705074360426
0.03538022018039033
0.28397200630988695
8.785997835224829E-4
0.5723581072348758
0.02906313751862065
0.06140033428336232
1.6347320742071656
0.0864562988318175
0.12339427531980124
0.042888867019596356
0.05380022405311194
0.054323115064275465
0.7846049398400983
0.42054638745699546
0.14795079852774884
0.12212132328502637
0.22149018931913955
0.1058946505175476
0.141872241360808
1.1867995183837896
0.22661903794459132
0.018555450118003716
1.0659992134152927
0.23811439369090165
0.6277258852045344
0.018465596093423527
0.06227548273838904
0.8329001482875318
0.06447714231143888
0.5762695110085583
0.24770579618253538
0.07302863968310709
0.00379615728212022
0.597191526737344
0.239303053878161
0.33548651558409665
0.5922431022614337
0.2779964377127431
2.8783264649421074
0.2870277140213502
0.3692916486165151
0.3306660747216066
0.32227996367923384
0.4169215800458389
0.10372935151390784
0.031407265252158464
0.21833530203271112
0.014807165985290827
0.3347824255485088
0.6003542304281138
0.8731135116315518
0.5039996143351839
0.19885753332033385
0.19408843491055583
0.22121565788759417
0.6111123473333033
0.2531681928358753
0.20772752292072064
0.23329736111473903
0.5421485527176387
0.3648930702512277
0.4457781075642396
0.4319267254950495
0.24601653080946106
0.5038856026167741
0.06103887446506396
0.5245735174312687
0.526020881653509
0.09284385696433466
0.1860301154376171
0.4959803547265094
0.19164685015919644
0.12164571554972156
0.8107859063114399
0.11608997990190012
0.02620616882816489
0.8851671809469954
3.0
3.0
0.5
2.0
0.4
7.0
0.1
0.23319142151387626
0.14695209654114075
0.7226677343707886
0.10713677008890254
0.9660402803776531
0.07609648436837928
2.171836483300806
0.15624733432965823
0.6291480544236484
0.1739017306169877
0.24918955598517503
0.1073651393864925
0.05761399716070886
1.255840848641101
0.047790772346395456
0.18796620562614344
0.23651420179169746
0.005731796701778603
0.1350459342329032
0.008283800208021838
0.7981889310407128
0.009623050467987272
0.20709675367772282
0.6808229903730545
0.03751786265820667
0.4012991226980362
0.40315775894754524
0.29000229742890965
0.020830224290735586
0.4950970928601196
0.010899774407937532
9.763580405506404E-4
0.5271707420287164
0.5196026226594233
0.07523743974285266
0.44660170969632007
0.7305934172716989
0.30372914345079255
0.4045188030576242
0.011037138693706587
0.34120007716395173
0.8294742372251511
0.6129011155236374
0.6005815792942799
0.26226870436871247
0.0915384353379024
0.4297713961053384
0.13559746938651995
0.5778867811598996
0.3559901316237315
0.7638339016085679
2.204971576927984
0.1886220017826941
0.2432085414471508
1.1849809996333314
0.718795963948502
0.6157526834888195
5.624040131480052E-4
0.20483515273314434
0.7799773029419046
0.6195949639350988
0.12948184251911327
0.07018422492976145
0.058767873077115354
1.5787629962199539
0.0463401012255478
1.668330865442011
0.8334725011132178
0.3569859535956568
0.5298717586441174
0.04010410920017732
0.5281438607559407
0.5969021824869205
0.06802615201531115
1.2909421190107737
0.1153533944579279
0.2362340019216969
0.19681374308606947
0.7224047323758233
0.6378595866590705
0.44048237353360525
0.5862918273520054
0.7367153918331019
0.2879055873866242
0.13578204890035048
0.3776095015786512
0.08545879806884289
0.517252796112589
0.49486105089808624
0.35812213645231095
0.11358476272970736
0.1170236801779492
0.1481334071554729
0.7467821275608156
0.1728927565751998
0.11687286089486516
0.06494486058601283
0.32108739889867244
0.1970915952208679
0.334098442600508
0.047295367031201505
0.23964975226782495
0.6052370658469935
0.14228700806977992
0.26241270930915217
0.16644010232984813
0.9959376237301297
0.20100508334701123
0.5185232468166219
0.4119245009332725
0.19708162964127302
0.18205308205721243
0.4186258598958537
1.1008570605066854
0.02155613827370271
0.7571295531173785
1.0293976732077523
0.026218424806241095
1.1330556103230833
0.8183322851429591
0.04617886464657236
0.646485986564255
1.120356880545596
1.3973447359045315
0.04491893142866522
0.023166488352580873
0.18693011067786283
0.21210350357825913
0.21649185922569508
0.3456197959809343
0.03929520961494692
0.06618405777133365
0.6288972516423308
0.18967898652740514
0.25664337825525646
0.13875156493466018
0.15781557812481625
2.883954652791484
0.15754874947849284
0.7138313127160905
1.2051273942460619
1.2389616096256368
0.48048652292885224
0.02211960736494821
0.09903796946015181
0.7073890835913864
0.4381167965782137
0.6832928358516271
0.5806372786287548
0.3436814429803257
0.149355426504573
1.5908219664773697
0.010814028284987233
0.4586425729599335
0.1911420805880571
0.061151144294318296
0.5514435171004871
0.3624097453288663
0.13707859879820922
0.024950861284977376
0.04460686735253225
0.23940984205126495
0.24228921004387105
0.7787623613335132
0.3698439668471758
0.5132921904869425
0.02465709906465011
0.18419383208200343
0.740488640091511
0.10291490737129218
0.17382784721092429
2.1191005738485575
0.07327659434620556
0.3738515609365537
0.6917594530790464
1.9813372502736923
0.8688228287808429
0.14141207813968504
0.10840150077934196
0.1515372396404172
0.030928929190066373
0.1907043771543642
0.4338387092946024
0.11377013273823987
0.039191495125852016
0.7136011493704565
0.8494233092139077
0.4431715921943559
0.289988373873593
0.8454672933134428
0.10887656003079006
0.03459560580119611
0.49399175961199987
0.37832782559014083
0.22314389700022963
0.2915883542209814
0.019733259738076735
0.11009117083412667
0.1384036660386839
0.08665308732783852
0.8372016206213685
0.08853248061380231
1.227924680316643
0.08515195734170593
0.19840689507703316
0.04826971603100461
1.236639569964495
0.022655586035742102
0.04608110970155837
0.42448583139180573
0.10848746110936315
1.0952909299688633
0.9512336291634064
0.5673469268577418
0.10664788225125454
1.1411874458671138
0.4296426498902807
0.18257917875670782
0.561256022132744
0.10876542909382991
0.48486398930700186
0.8342976718758199
0.3537059779241273
0.10956600978989434
0.10942626023711982
0.03138662980928606
1.1031279865334698
1.0748660602034794
1.6818665456308326
0.2602162543424061
0.3376122013114782
0.4297924202713188
0.5878468944365007
0.7005767534199966
0.32837844368875085
0.6632557427766237
0.09488244591324974
0.4135159612747338
0.08958733897690359
0.5567305595682279
0.39057842425208683
0.5753855368312013
0.36909874690236066
0.01642603879337828
1.173486926163484
0.07177857596122483
0.0395419000106413
0.3274660604151744
0.13732248574254427
0.05975761722832687
0.9606486637158238
0.2956371361621638
1.5621855664620612
0.03373501854500843
0.30660364532418527
0.06611861575006758
0.23609434504333404
0.11782421656220846
0.3081138697255478
0.12067349403484325
0.7959412887207912
0.8781954274630113
0.4179092413267092
0.30153837115072596
0.42918173784014885
1.1612515775188967
0.6246820275132098
0.15524498677636245
0.009537197073879122
0.8144171601416341
1.8274145594383635
0.6604272694513734
0.07965373173287413
0.5176573469142962
0.11118875228039982
0.5602975075655737
0.0640558834709977
0.06759031732634226
0.09320886610489738
0.13673123344233745
0.08828825636543819
0.33092624493204714
0.9727753330489042
1.526779449127572
0.7011420523856976
0.13184397684784313
0.24872427167848038
0.4085208997957236
0.14092990395363775
0.003945822376175197
0.027002066591436683
0.27088251299283317
0.03271356080638868
0.15947114809618904
0.4073805723362215
0.27721206055550207
0.6675886124096648
0.4816642611791904
0.35062159114641844
0.13065082980206552
0.3166313599779781
0.12323740216905588
0.07839468222788518
0.2946567994704047
0.11864955264781465
0.23398914820001673
0.018760783151844068
0.8747733023426743
0.3564592017621883
0.27460320199847216
0.218377550803208
0.6439760860224765
0.48860450327899185
0.01710270985898445
0.29195992330441334
0.19315022401249987
0.7395855188847734
0.6639477435509682
0.618252157789234
0.04195637549201084
0.12330985369045248
0.4033100777805595
0.30988655491526546
0.14774117105301
0.0870401148774691
0.08768929029348894
0.5675999924012859
0.5505418857567228
0.3769787107590292
0.49852617568165053
0.12456608442221198
0.11582510276390562
0.07786343116537654
0.18265486556114258
0.11228291601675651
0.5148366821327689
0.19011370763443206
0.6064168025303992
0.16727807492800678
0.4928485655082393
0.0336461609473576
0.2162395309087512
0.26646360856321316
0.2196437655009514
0.04513956033362687
0.3776930988753549
0.17489200364301194
2.338871155103581
0.21615445499789734
1.7154373639806733
0.29043726009910303
0.45728318407227775
0.6144226447681413
0.30827688821727556
0.1801280343979138
0.24124630962154137
0.5024004324195879
0.05101129955095515
0.10786748625863274
0.3738884219843312
0.01774977099343224
0.2823165322287449
0.4659934290518168
0.7149871476135662
0.025537928786455687
0.1807207581071668
0.055414057628901066
1.4924710529858745
1.10075584964701
0.691791840354386
1.1920839433171708
0.009139895522292224
0.17126010144451645
0.571104801165756
0.3657399395577533
0.02809950079891503
0.11255658099233551
0.12189621687442054
0.20082381287217838
0.2796185557792801
0.19879829965594498
0.6042297493396578
0.030785734474366666
0.41799954398636674
0.012571737827733187
0.21150666326996886
0.2515602246685553
0.23087532543455552
0.6441550471036243
0.47977420922654446
0.00641829524120522
0.1442180373138652
0.46186928495667373
1.0771888661132176
0.06180353470150557
0.027991634074330606
0.5217935424837967
0.1515891791115361
1.0636809679380792
0.13163556512499078
0.013945663196722882
0.7715329986078461
0.37762671589227376
0.08804325497809129
0.007650264334385997
0.416751255198961
0.25536557554664596
0.048617062101049574
0.15707921824420076
0.055676399917693194
0.08408775741321128
0.016046980769460716
0.2969800523958671
0.002320566944236623
0.7747181046949859
0.7296398560381689
0.13386528666030723
0.6586062717145644
0.2673121680089387
0.06653738970324627
0.008749297714092689
0.04920443678982615
0.08159700734083528
0.038026674064669204
0.17650697321231065
0.07922143992851781
1.1146969045654855
0.05033418081889007
0.1252874901469284
0.259545358382535
0.8717036583461394
0.5007005911077432
0.08190199501423903
0.6533984807871616
0.24151885094778747
0.20375945400575124
0.8131197193960895
2.3100773455026133
0.6411827856321004
0.7372079512112003
0.008883417330556437
0.44997739751004445
0.056716524801470214
0.2735366055308565
0.15441996403783428
0.44956042661936746
0.3514094239351145
0.6694883532197904
0.02435328764284048
0.0074535786903443995
0.3449675901746032
0.012079428595225155
0.11183492881171299
0.081208371140921
0.3136846638750606
0.06591015948739751
0.0056297415735237395
0.3945672421921286
0.04458328090984113
0.21540364649068877
0.47277453029730254
0.16740119431416142
0.034497281053703
0.6707475074380193
0.6067218655038392
0.5877223768213444
0.2732672232495669
0.40986469208005955
0.657986225305481
0.4417844020132162
0.052191038951903954
0.40712711913143196
1.124717129060059
0.5797942426259679
0.053197208646765
0.4642887306324981
0.07851971005017679
0.11320544564593296
0.2066325184534396
0.2643577649911596
0.5043858793154354
0.03561051301004893
0.039570551856384466
0.6538309460495971
0.05739937602125633
0.07522737591919422
0.175984273970994
0.11085105202644881
0.12189751167433771
0.14435047262848688
0.749765217840968
0.08545854681231163
0.452187569139751
0.022462863068960014
0.8195061295597843
0.2658169078598773
0.05099701683863542
0.10822961032785222
0.16693293177107688
0.0524072634585376
0.05127297728659958
0.02178871366665887
0.01012853798963922
0.5043462347457941
0.10237793208699583
0.1835282844804164
0.5455993527449242
0.4229113983832535
0.15952472960376674
0.5062613883619853
0.005304434568997221
0.5056375579305725
0.03019314498150889
0.013531625542206445
0.5860354542441395
0.20115720707218082
0.009743767215949172
0.10874787459660096
0.027659089910846577
0.5347794315458991
0.21790073689880432
0.22002680235006083
0.5307723601163337
0.16301795634717453
0.042420511805856466
0.0026556775024745693
1.1477306277068622
0.022948153568374798
0.4640399063631934
0.5148765052060098
1.019148664126964
0.1792490983867131
0.19364734515581086
0.3595248335841272
0.07570276176606416
0.3863496908731098
0.15498642360257964
0.20815089923675104
0.5365135167950762
0.14173772432752485
0.4702024224635835
0.6170994926606843
0.13087492405993117
0.771431491907957
0.37762202871351125
0.1984325593121839
0.6917872192417885
0.39090795700780495
0.0303906976309854
0.3224739442626562
0.24744627922987444
0.11296957504208278
0.18504895986591077
0.18701169619597585
0.5691787864418236
0.121710120544762
0.07565483197085365
0.06195225391259859
0.05850640315950755
0.37746650779038704
0.41204330339460105
0.37354253040044383
0.04763381571919256
0.2557953958600797
0.2305681352439648
0.30533228764079273
0.1587938999695064
0.07665921274371022
0.23612224994025882
1.687646504924368
0.5773779118967565
0.08471586357917557
0.09026004153636408
0.14555772064203745
0.1703997752182545
1.3295299937951084
0.1770340717899533
0.21872389730349306
0.3505065471792464
0.8182182021153646
2.006465639546813
0.4744314211275944
0.46121553271419696
0.13926078079200313
0.002571024955198538
0.7585559091331399
0.13840918016718143
1.4371633355078874
0.21842555207840567
0.10273222086824349
0.650702355335087
1.9390090024139408
0.2812617943019722
0.010959099104123633
0.11130318279152718
0.19022311155757654
1.46742293570935
0.7150594985829799
0.0021470245763723825
0.4176963851285299
0.0011193572279889587
0.05477271076687829
0.12431427717864904
0.29861910889037324
0.0032309264961264284
0.8038221442732223
0.037071767524400764
0.04356380578993965
0.25781919699957073
0.18633561781335706
0.1906688935617258
0.32383298516466835
0.4559498244969994
0.09716600343127604
0.07803122529027673
1.0020688790133068
0.11412534750648651
0.23747354024268785
0.7320444983929245
0.5801644680066033
0.35643201887691756
0.06477967942320315
0.1524562004740455
0.009383508656526837
0.020010848154778937
0.016328438923537136
0.8916321465608646
0.20211022142630655
0.05077560041001956
0.3728410561172344
0.1370551006804649
0.3470517605292278
0.061053067412273856
0.1758777922942931
0.2572672084588396
0.20747953628066568
0.16523378892651086
0.028443426405204555
0.677528728390876
0.02160416141292071
0.08330015814447375
0.24173610751523428
0.11225270328312854
0.029748932328071725
2.190968710222253
0.49750515121867733
0.008156486786129732
0.2582099032781152
0.17452585525310949
0.3219407839241968
0.03715139102752717
0.8757819069646098
0.014475930602583436
0.21249782419206392
0.08897128529783442
0.14782267219930323
0.22787335249236562
0.036173988971235284
0.260526893865727
0.23924922482734157
0.5769395295824525
0.4821721020057264
0.003339194235895769
0.25343799941669887
0.30457453231847775
0.28380242511441656
0.7591882610033038
1.0799897647985255
0.8429909135885008
0.20794670811174795
0.23737283431040215
0.4215933403848047
0.3359341341671015
0.21556171796289536
0.19354711182565315
0.20341927763345946
0.7902028877545662
0.042123209107493745
0.4806081361354755
0.06692986012289741
0.17552919175981174
0.6547862105438116
0.4094427651914371
0.5655747777178498
0.10615562507208998
0.4012807343554384
0.7238440009360878
0.5628435778507365
0.3086291213843085
0.23648889212002044
0.0073806108654323
0.04609037971598578
1.1274652059364394
0.1406689969492711
0.104471349317952
0.1921353604699624
0.09767302700523418
0.09152161664350318
0.08539310950840291
0.37054827264376344
0.08649697672901976
0.0826640803660091
0.009072628275998171
0.015537808038866684
0.7183346965774512
0.04377057142247176
0.6224779654466321
0.6243297030811565
0.044432724655480406
0.1477594010130123
0.38167255786398546
0.055752447077769676
0.9816727061530247
2.0267722158651407
0.14905842373091444
0.002735627888406017
0.46912679542123026
0.4860199167330508
0.16239732265300424
1.5232428278639698
0.1726895040954196
0.2795057871480245
1.221541845440057
0.09281460416075628
0.3518906291911209
0.45237383627586897
0.8770453038700495
0.19306644243622095
0.11894617625013229
0.5002172321957433
0.08470134135688014
0.0726264229338843
0.3006109295862307
0.24798223225817004
0.5095705294147395
0.765456241125392
0.8789939486785159
0.6134335704451359
0.44395148007240576
0.22214457480913666
0.5134588018493902
1.7464841072220476
0.14579474585474694
0.6776495248112544
0.007553695064528296
0.06838808278014266
0.024962206061647247
0.909034187575757
0.48992470376998953
0.0781869011748076
0.06446954180356483
0.22738079807989314
0.10372284602402057
0.058608832145049285
0.7077923805178374
0.2048956868311579
0.26979295892181265
0.11476878837631084
0.15405371955603592
0.661272593431619
0.006217610780640649
0.13896696035341444
0.06034512440294921
0.08292526080411189
0.20443826077840369
0.4143380668755119
0.050685561901654554
0.2471148873616165
0.7365434194820109
0.5745344732950475
0.12873673085780524
0.002267341872539121
0.4146359897466644
0.15908875786882318
0.5597439865959437
0.3618322084587151
0.38618792448501776
0.13798927952795043
0.5806754065710202
0.03521167592986531
0.06648989809805306
0.2878723918484063
0.11426488645035415
0.1083609019247814
0.09079853087834393
0.5062832265718813
0.6286889095283129
0.12197112081380307
0.04282743043557415
0.05154865160053372
0.6442817220842597
0.5432424619292706
0.30718567789367374
0.32881281260985185
0.41084808066556583
0.37882070780454535
0.4027617542400131
0.048172906833784626
0.38125513888672435
1.4054983024976453
0.07394420306185327
0.08895536055748432
0.8365072346604272
0.09708187522403142
1.004134485768228
0.7834285559821006
0.12968003473102985
0.6362151030047607
0.953035490420401
0.6365978180115136
0.39537428994779666
0.03803366504235854
0.06714095989335472
0.2794681497083836
0.07526528911611308
0.3071015745495572
0.1778948468526736
0.66831765915336
0.19630522858908045
0.29973023227606727
0.6937109146030965
0.09650506897372314
0.32366274937065287
0.915259906795459
0.3143807556850325
0.4844765546928243
0.7224593628934792
0.08135077132617824
0.04953572725539691
1.0295519328480478
0.0020676406918826024
0.01722854569792271
0.10287291410645247
0.023888530266354603
0.047403516250943876
0.3796287399128757
0.23993038230243402
0.0044970577575521135
0.3671894103721959
0.01312026526567666
0.604330571462921
0.568888203671157
0.23398584044946502
0.32554163959541454
0.305535685005614
0.17502352930693027
0.047246336704394716
0.4045140970261459
0.027950388120243877
0.009024677217983279
0.045427504986708035
1.2593417526849047
0.37377744440125493
0.2908901079591034
0.07751574874311365
0.07191646001870215
0.0707815875509742
0.5610188071466976
0.029396500669285834
0.3392621903281937
0.4840904723294038
0.12258178910834278
0.4256615370471181
0.014605656611595675
0.993633091815666
0.24043141089738398
1.6784793813495142
0.3773326052004464
0.28452099590465924
0.7260755579261708
0.09361129354433353
1.317399060109148
0.27227321009784966
0.23659858410202111
0.019791488870830383
0.5270931035151799
0.09285987498241922
0.9896756762020888
0.4479514773428619
0.05669623724042121
0.018450855188942822
0.10721182462254691
0.019878860710031726
0.07723758143273302
0.08140498295274008
0.12396426000715391
0.23664970264352994
0.48318293749136365
0.20656011947745653
0.02617763903532573
0.5523176046173595
0.17234767432792078
0.05877432262270882
0.06006462685637161
0.10136272470507425
0.2843564655165371
0.33550859159888413
0.3883048634150111
0.11788263315420207
0.08953642679048399
0.14294712502363813
0.586547372528358
0.009058360914973472
0.3714941685147104
0.7060129666307087
0.19022018521843412
0.03803931352761333
0.8886504665597861
0.03564089436696954
0.11757279044618146
0.027192603996365177
0.6378666605293897
0.41316049258194637
0.5509717640209368
0.30756414784798397
0.8868526871231712
0.13843848603928569
0.2708713274636446
0.18301849647682433
0.043874570635306025
0.6050761042158586
0.05158359554847154
2.2946841036413668
0.12126660399213177
0.6854879407832254
0.15265835765594402
0.21429779531504736
1.1378873035719896
0.014537396533409358
0.15751605175153954
0.39360280648928786
1.9100711426174535
0.22988924992537232
0.1943442861657766
0.014022785973234553
0.06009938750378383
0.29523196280604114
0.08161646742758105
0.38541983682309344
1.758397517749184
0.23114587185244675
0.2606505953652808
0.14416889992457244
0.007055033921601506
0.0744723373028909
0.017820194685616787
0.5712624740933401
0.6276064746207038
0.15841505642662257
0.07297187096949738
0.10063642026175262
0.25556441250929707
0.5894326856171729
0.7129971287469505
0.4818267997419906
0.06792279633247246
0.26831992819583894
0.051043471539279475
0.7461593334649641
0.45796707094697475
0.04905104464489672
0.2297245876133181
1.272764245941846
0.931056783380857
0.03685917143433059
1.0594862633890323
0.3019301609639756
0.1305095127623955
0.0808794142301726
0.018170425306212153
0.2075385841834474
0.3386660023495842
0.09463911233207732
1.0069256211722095
0.7163095612827989
0.15612385057541908
0.13987576703026555
0.272029113714038
0.17717784635939676
1.907117140654809
0.4733512528472601
0.35404531989204624
0.27500295456161783
0.788394693906044
0.30765655182018575
0.32425342870543344
0.5028485036315592
0.3800946458434968
0.41146738200316224
2.466292058230124
0.1582835526703004
0.38372771361171487
1.6529120876447376
0.37759739987485064
0.07497092606672437
0.028293477737580904
0.7243043291663661
0.0076920149130426975
0.1115349733746118
0.2926274629073628
1.1668093552167327
0.12220909280179683
0.28717469274255364
0.008370904272427261
0.4809456117701996
1.669184283043876
0.10316951587490533
0.4208715696469544
0.012517070023885597
0.7402371082607956
0.18304472368171257
0.08951647270658719
0.6751083028605344
0.39365194476792975
0.051904317329648994
0.23978047611674438
0.07426469925801348
0.016281285350706505
0.12663366988444347
0.37971236953888515
0.06421298541069732
0.3098226273148049
1.772658718001865
1.7549287371460436
0.36252236310990776
0.14550938084410453
0.19102054671619154
0.05923461902553614
0.031160887515381323
0.13878546447908613
0.11328618211102279
0.25824417584217174
0.16078336961276335
0.11399040207927083
0.701518696253673
0.05287945577186701
0.32433072282087905
0.22244428661901275
0.14499486592850927
0.17035522488309363
0.21905643775129888
0.08243543752944847
0.06066799379399432
0.31871974560251976
0.5847136449797984
0.11850758431690792
1.3592012665238065
0.34265513716784424
0.8861963607450305
0.4429047995897887
0.3605932144946818
0.6001054307433693
0.3575012428056721
0.09049552044391929
0.5320165122174155
0.48039974631114435
0.6160644138825017
0.1527901314984953
0.10913142268925494
0.1810524274379303
0.039887244592137584
0.007231888136686164
0.864480835948431
0.11558243187931563
0.27542798467150886
0.13310559588440585
0.7080141229825405
0.39275521521888296
0.003689588371821599
0.4833134945479908
0.9193519296597055
0.22897887932366795
0.827293288032914
0.6623435941141864
0.5818287898385412
0.14107724997939225
0.2775929685159161
0.12905590197701797
0.09246786299851048
0.2406929294955429
0.03079638780822168
0.5706616362314244
0.5811819059315526
0.42656582250521
0.4771439201643867
0.1245299490120314
0.3073326390603459
0.9072035987533776
0.22024764440770808
0.2749177363143448
0.7579585965677302
0.35613161823945827
0.027573463845966754
0.16012883087420138
0.23604582733320723
0.011569301508764037
0.2336596473854119
0.008913381522846747
0.047821813368717644
0.08798965814878515
0.32637540427734735
1.2572559420554572
0.6601637440868261
0.28898113137188736
0.40435384126065294
0.09918292309873446
0.3291744942575689
0.04952702123738982
0.12569994940834175
0.10892863970420683
0.9718595080812988
0.14628547929484337
0.041338418742329686
0.6343528516061528
0.33069763160455495
0.19063919370533758
0.060155340843303165
0.010497602561444499
1.4370606747127193
0.007371871709312104
0.18451055780903997
0.09893052132731074
0.8523574347434352
0.26574839261687355
0.27964196327465723
0.37261254195425275
1.115401937052292
0.2323823530640641
0.5714580591120948
0.3922697448196856
1.807266618079499
0.47911427283067437
0.2070196702165139
0.12871989156361277
0.09542252836187343
0.3138806606130442
0.04023613551962871
0.8671737197653778
0.04011672649788882
0.6600576768745198
0.5826245268440082
0.15799512875281024
0.09823305245649211
0.1133621942590281
0.20310006649939077
0.03357882750436566
0.04589630146589176
0.003997461840257947
0.05405352735164716
0.008736572267074633
0.12326579797416906
0.2804548295535438
1.3430972211750811
0.7465191573342614
0.6896070424191277
0.06808117885064734
0.06256156799695062
0.008155457682864473
0.05961888866706519
0.41350018998378024
0.4385956317949544
0.028809751810388588
0.20924146476294458
0.04955782872244177
0.4683856128366271
0.12588133237495586
0.9882954553660945
0.3384760101460039
2.1486466107310553
1.4228811968911834
0.11173701045652157
0.17942325588002056
0.47833687179035556
0.33250451437371126
0.1299921809931678
0.07870123341642364
0.1613109949299572
0.07779454247845674
0.15915384379098926
0.6240091913969057
1.6304548829516157
0.10744234679973866
0.35168508423948164
0.13260812865702534
0.29007652458752986
0.14732805981207037
0.02390010934051591
0.20252465774358178
0.4671297715486108
0.5062587066522442
0.14779660121382435
0.5477180164643508
0.04718648646999908
0.760628809555245
0.13534335972786238
0.6563604505380134
0.04702915803001307
0.31874394170405895
1.0185660631036026
0.0075967169832876075
0.3612687758993229
0.07813539287654256
0.5113101936260828
0.024225313069380236
0.1070449680351926
0.2412550916450776
0.3479209866620297
0.20735012187018453
0.8693584962520344
0.2444836416134185
0.6401938920319225
0.0686996978017642
0.4162952973445294
0.5576410693231347
0.13371713547514708
1.3193897416295997
0.4419850463010831
0.5877067966635637
0.5818918457351514
0.20191436398092005
0.1722372269869757
0.020316912217242297
0.1313504904727848
0.039546385650203984
0.010047449767807715
0.0856661493948067
0.21100722502510183
0.059147715098587225
0.07014514359828512
0.23245676795232761
0.1733207478331557
0.2088656153383757
0.6053325122229638
0.011620220633536722
0.062356161223230705
0.08787886538380403
0.10534944610287457
0.5271621817426085
0.6938801518989121
0.782465960888292
0.032461639076067576
0.5138655658495872
0.022427223934054562
0.2773092994945852
0.7312420495253122
0.745881299606639
0.4217338049995528
1.7849488669389844
0.2074635994930374
0.562756513615088
0.22106676580492748
0.43466746185889094
0.2610102145206894
0.02973815173030333
0.40265249897285865
0.7395203777771215
0.8887770021059133
0.4364984985146419
0.015822899826423046
0.4407219081682022
0.03717438552500387
0.10361933906393529
0.013410977615717374
0.5032964489197027
0.055790863426200085
0.16835033225502127
0.28394123580372455
0.8273203246075929
0.21199683240011372
0.40569461486802405
0.34690441700642244
0.007024514754765739
1.410257685235453
0.04744744157799748
0.029242933606292893
1.0939601865514814
0.6551408959167628
0.009251255525412703
0.9561304986117307
0.035959538474304276
0.06534221287888835
0.1485060871798931
0.10596153364307753
1.2002495110530649
0.2892336343230303
0.13285391966554055
0.33524435551179194
0.8315405655863837
0.4992262405452134
0.014797213077799905
0.030454171527643407
1.4872172339331233
0.4416106292603791
0.3998829248757531
0.01626979430179775
0.07636026116596682
0.1991500535233825
0.08184600901452911
0.7951415220770836
0.07412234301981152
1.140222961460224
0.24961313797047383
0.47689726636183616
0.0746535362360472
0.4308665065066223
0.06709096873421266
0.2894040592349816
0.25749040104161447
0.5833391140715434
0.09717572198030974
0.1904224047471505
0.017042448993380838
0.014171247487328918
0.2189901411573353
0.005566243497724858
0.1943318807891096
0.3911012631992203
0.3086080777582403
0.07837833800814552
0.05132242617909422
0.1296780178509305
0.5376999947432137
0.11669726610428266
0.3518175107687809
0.7234400697366471
0.05975921758649066
0.03204084588858169
0.8496629083891836
0.242511116693355
0.7198376267790079
0.18312285586366064
0.553150410921321
0.22375558831973655
0.47051631513061365
0.3366037191424881
0.27279137514473034
0.5444223352289651
0.25755211784366194
0.44220196048728855
1.0854783301143864
0.15478273451390112
0.10200731227240797
0.9112072925737769
1.1754545066358648
0.45247359403225246
0.44527011911103315
1.050254208756935
0.48738410234384527
0.5192488425085046
0.6084373523126054
0.08716034905535408
0.2665376607890599
0.2182502869881066
0.46136989471892803
0.22719119227850004
0.116929860077751
0.7876126217832129
0.31330680782412235
0.013529237489564788
0.46244188762305066
0.4795434476279127
0.2859312338391332
0.26352941815398406
0.8032319556368461
0.11735291001761318
0.3555672684382838
1.4562706389436488
0.21616527347507666
0.1270853763682606
0.8237376915058106
0.09257343637991201
0.05855162167795454
0.5674697639915816
0.6214036500253808
0.10749359169453296
0.28571968080280186
0.4137967869626707
0.29835394502254386
1.017356679178711
0.2564434396557864
0.22104409517100476
1.0501888036352225
0.22037650971995998
0.19184518190134073
0.20564431346184303
0.048357587621220346
0.6381761608824276
0.526836757441504
0.17423206603577204
0.782264313169482
0.18066954668716917
0.19128229927432563
0.16528433539058635
0.1168599325471473
0.21364869882535484
0.03575653761948688
0.2321586847496585
0.7520438619744819
0.5292282882123314
0.2018172414194236
0.16880372777578934
1.2295393902757943
0.11386162859666495
0.30491886809511476
0.4817818627851628
0.8059795835604998
0.17498589358687622
0.35638738120826885
0.48348064502649585
0.15464204415940205
0.013950139575898942
0.34970577454318624
0.23934230509217042
0.7849052812828743
0.42713908830349806
1.2928090871801963
0.9060391973292687
0.3166580352597163
0.36929781191563593
0.2055971366665336
0.10755073677103495
0.439828999517221
0.3979259478142615
0.8803090643649119
0.010827962410538234
0.1002695182595532
1.5447719566891371
0.6452388386625327
0.15743733038181687
0.09619419732735884
0.09031204568664719
0.08341529796780833
0.6640207472464922
0.7886782476562371
0.5291732677595442
0.05485306473573669
0.10719979924551401
0.22487993518288932
0.07236322061444161
0.4085568775095429
0.048903633759312545
0.14746728716556604
0.20309797941264046
0.1297253323549781
0.09778632911577421
0.46973308837174244
0.3801909255418227
0.4256144384661848
0.14280074417979333
0.761567530949747
0.15463986003799277
0.35470631245323525
0.06742267407548116
0.4629474642850063
0.009849191666900304
0.3420701085260788
0.1239154448081858
0.10770714003817913
0.6888847877068156
0.6288666733444546
0.2973683181727233
0.2347609953855537
0.026462275298892494
0.08666882060047171
0.0917237019661917
0.5018380759056332
0.44063278894752234
0.06602434793553168
0.07941996718528434
0.1699190727361908
0.2767318240770617
0.2434483250418186
0.27215462417381847
0.30333304540683864
0.8940161288511042
1.0479792668996346
0.3992530702169118
0.08967636882915538
0.6151742685707011
0.42519504821594656
0.16687862351808375
0.554167946160073
0.2764555925209162
0.33439027499865875
1.4156501541007949
0.07918112062746402
0.05224834202451495
0.594492795066495
0.02404425569133374
0.7128909105851039
0.3939508681628549
0.05647532939387192
0.155907899420936
0.05699483885166915
1.5323832885021706
1.2275087259029611
0.12212134053724165
0.8284810483851646
0.6611635626761105
0.2019694317233417
0.03822045876760494
0.03242704838924706
0.09214582900815546
0.19491539273970634
0.29195680290305887
0.9845315997465359
0.1293144044785927
0.5652570997993503
0.4307699067555707
0.12999059278470773
0.2188606057811769
0.07057717317330763
0.36637490311863685
0.26858757455086774
0.0677830732139347
1.5240390494639047
0.1311769954368128
1.185607790497973
0.39364398858030114
0.004591348282756833
0.089437433742851
0.16587044628335257
0.43207623924769
0.0658823252816104
0.3306202805085634
0.10191829711289965
0.8371340443558692
0.1781256201099657
0.02481186621764746
0.42899865530296355
0.6637862350958665
0.44251966139652776
0.5382670189018908
0.21012046021133704
0.5600077786735529
0.42798260915521025
0.4391471467871735
0.7215217114642055
0.7276657093818033
0.061645443331218595
0.6004639864003325
0.35270135165303157
0.0582463100329606
0.7263807443936187
0.8050620726165074
0.7507817384897335
0.003898242608544839
0.440152405147923
0.13336423523683313
0.35321445180972716
1.2372194142125745
0.5549134563207329
0.259044972820367
0.8335642850726308
0.057688256005940415
0.1791370077649081
1.7258112529042702
0.0939454723339316
0.203916191356764
0.44230168512897217
0.04219284548956984
0.5334314340036638
0.3265056734149705
0.6568922659002848
0.3211560979227257
1.1730689003487198
0.4981569827324153
1.3385869589855404
1.535906836987658
0.19537924400702295
0.148682524465226
1.727348893842185
0.2236335878417363
0.42010562528587436
0.06161370646072543
0.5539871711684431
0.13236961419394036
0.8179000989322126
0.22431732114259448
0.11173388032825893
0.06015283524840635
0.08384023174015298
0.024587246776202325
0.08470203316211035
0.025251177122711493
0.3197092077018239
0.014455610389492108
0.359160011105256
0.17358146376825473
0.5287563422717753
0.1576643656887079
0.07634872541094485
0.024044817095499306
1.047953235094238
0.11444803999704319
0.6214267572200005
0.2778638908096182
0.31513784147181534
1.5045405992334981
0.06717947320635156
0.19299568020131078
0.32344824927039345
0.08010799771677048
0.09709994752011676
0.6626064130533372
0.49765760537101533
0.9727702744766105
0.32894808691274524
0.3786556417318957
0.038300216061548015
0.017819252593322565
0.7508474338447979
0.09475596728203613
0.2769504611711206
0.08348504701638872
0.1805190314347365
0.46469993137241034
0.8044974662882846
0.05257480764914731
0.06787438537149458
0.1021870939722114
0.06688415524264207
0.3304005380586439
0.31296035014704476
0.10950505587260037
0.48572485805730825
0.02691590081437928
0.40830737235320386
0.40012783285181336
0.5600474618929733
0.43850973855694236
0.40665444808850437
0.055553682624533994
1.0632692864233664
0.19350184004182597
0.24729794264886856
1.9953518102806966
0.41822917786434305
0.06927509144976604
0.9642022714526725
0.05616392080717187
0.3763116617859009
0.6038951694080855
0.03460923650205912
0.8192620826721245
0.04103072080385713
0.08585549627858204
0.8842665031322544
0.06164885781477754
0.3863678202253265
0.18900035527004583
0.05354865024700334
0.11811944465978486
1.2816565589968658
0.22711008820627557
0.22016432726163285
0.09885714121156425
0.7685118433840193
0.8308736857478994
0.03587065143426193
0.5762744690227983
0.38643825130672177
1.2633696149876503
0.18376461990871923
0.6128241187755519
0.13884852715800042
1.1056256956522286
2.3122733965500437
0.06318960820008901
0.04417174998347872
0.031783657150998054
0.6734838193395185
0.0830562672863746
0.41231549735738404
0.7161676378305116
0.011515479362394564
0.052255428672916764
0.08495763459134215
0.8528497893203753
0.09143479629803965
0.673177599840292
1.296307155672703
0.0838975609307547
0.07480554968233931
0.23509942009352805
0.28051655243006673
0.23500766739416218
0.22543210361274904
1.0815921402837856
0.010601622819866938
0.8301336260280513
0.447799972093497
0.0825285786837506
0.11545898351844865
0.04799156984215661
3.440972150453969
0.021768127923264977
0.029732488778063886
0.26799038407350595
0.18078265526690646
0.26309258660918666
0.47782325249858937
0.6095530725640026
0.3517177604021918
0.5453358021854577
0.04009362451751315
0.556592098053928
1.645966558313588
0.18103818594352022
0.27494653725444396
0.015607784264240917
0.5932369925225773
0.13205870488220806
0.15712929050223418
0.44529804487474733
0.09944143133001834
0.002329721096819992
0.07104423624542984
0.43532122605140805
1.113564558799471
0.1318798382328328
0.6946913735216196
0.25738627428604066
0.16878996738084642
0.835135866557065
0.2653231176560994
0.401003543972853
0.18090365086020332
0.045157648495465004
0.14933818750401048
0.42914569851727774
0.13269624388726403
1.1854804036986564
0.5581087598009702
0.26049429939231683
1.3329935594820606
0.20116689716125308
1.8972020301337214
0.15970239288508215
0.12398713788205679
0.004318120651167209
0.33134491329505644
0.15567084877745033
0.005407377111699311
0.33874792392516745
0.07824724865315012
0.1642412095064788
0.2446835533936626
0.943588772727828
0.3230983898083648
0.05697727106914395
0.26636794299217686
0.1370141472866353
0.2128277290654239
0.050039067738573556
0.0627473013360482
0.13055932179071825
0.8748861208080676
1.6285254413846824
0.06111566324957536
0.1070807351073096
0.8175998421400374
0.10309571848497409
0.2949086024067805
0.010203824577980075
0.026535899120130612
0.20395911608780126
0.03627027028839723
0.005295101655446723
0.4670782892935686
0.43830459492461704
0.3997185680972565
0.36789702814481595
0.08167367132297713
2.831124754248617
1.0516322809858718
0.03092541075291272
0.6337925996177349
2.1980856081904836
0.3025516583352494
0.27549225156360435
0.8101994159921566
0.015512805387708585
0.5724107929512672
0.7678353779694495
0.19316647227097383
0.14200667390592514
0.20542578076159185
0.01302447026692904
0.20206133662810524
0.505193536503302
0.20046455523065912
0.052086776642878675
0.9538500053344441
0.07126722021807069
0.06307749672536359
0.10406147612920175
0.16246831947505525
0.8170160245122148
0.08652495984863845
0.014121750141870771
1.5643350743045916
0.15577921243319762
0.04466325006071108
1.0585875167513148
0.07986378124993859
0.015932612793042818
0.5680826762461457
0.36653251582278945
0.07614334792835598
0.7618236289757343
6.850657939967422E-4
0.7160141177219176
0.1237695378398546
0.19210009197102218
0.20428785658631607
1.9161073787377632
0.021411511106807564
0.11965941083414033
0.019514566133314017
0.008266534961462294
0.03973734144725427
0.24864372550653194
0.1537584953583569
0.537124600170143
0.3203943693262052
0.09712589245940928
0.056813846922815166
0.041250666309399976
0.46002682843651016
0.29346070975948557
0.8460104600197471
0.19087440965737693
0.8283817451603167
0.39107512307718706
0.03828126102378457
0.5648327330562695
0.11461564602325545
1.551757105444066
0.04208072129679894
1.2552219960364255
0.3476490793137117
0.014974334785802606
0.08305290293657004
0.10616145581195335
0.14025278956772866
0.27761579828576266
0.36916651617401924
0.03860858823383482
0.04286214167115929
0.19357619636645984
0.3983792988540289
0.2599886962823751
0.6761758365405277
0.08409541349476525
0.40818032298256096
0.04776323013022096
1.0372425691161078
0.7078905254310959
0.09202636267470733
0.007531261251990455
0.14179811939340695
0.4641614627645049
0.38375563898522885
1.2567326626169621
0.046335091812572615
0.03599495929442098
0.18847865779745335
0.1263176346103418
0.04310823636241271
0.4021086888556984
0.003559050470745362
0.6618914117696837
0.10792596795829203
0.048801986585150836
0.6106281165089366
0.32295241890766907
0.10588678245501851
0.14454094467164222
0.8511615159538041
0.09190554049267392
0.7079596896666196
0.03001181573428252
1.3840134300778715
0.10425390356913823
0.3118541683705653
1.1405813611227227
0.37355813112703407
0.43669171493959175
0.12770178801722368
0.3373746757961913
1.2227836184331649
0.034111275452507916
0.22308003919860206
0.08021411686086809
0.009021118689422309
0.09923692816998769
0.0999143246008872
0.6933747187343505
0.8262247964988554
2.651909736540279
0.2545741023007566
0.8099051083310742
0.21173389677066418
1.3773077534193343
0.4117699427499948
0.23034820805750403
0.4262498893774021
0.13292809850603726
0.08230832217477024
0.051976946370777884
0.004692234125552652
0.09296908699202652
0.1382584461756896
0.637662747275113
0.11642172651733818
0.7050834383373364
0.5591811288970058
0.023912500100954227
0.07256611802204403
0.5595916869148659
0.15878546196516005
0.14240511467453
0.9434980207441794
0.1933776535704639
0.2030092214743278
0.291119050234186
0.3032261107071014
0.7056973116420153
0.2734472259544682
0.9324047375147004
0.26949061428589705
0.5080252606373807
0.03457865838232371
0.22628428946187418
0.597797696973573
2.4531172850730547
0.13588072459330627
0.8642212543352796
0.6575776126228637
0.03400493564250239
0.6964433544807167
0.055510169789375695
0.13464978235701913
0.12472858259511557
0.5370455323585747
0.06569409552620872
0.18697695850525567
0.18302608926231123
1.0391613263371124
0.005788385789603494
0.5205316956075032
0.0030518265941640137
0.10374896082997434
0.21601741396296564
0.08539529118017843
0.06980632577155385
0.21838793767719414
0.38609596631946685
1.0684043638409908
0.0905591385158996
0.8890481608033152
0.09840015748627791
0.29817342640822986
0.38353681698207664
0.013924714397010061
0.1450447946256577
0.25386472404105004
0.07500424109748284
0.046458621714795575
0.24442630671875856
0.6635224140703743
0.11057397670503205
0.2576511997743818
0.33210109485154227
0.05732226603308372
0.20495909650968408
0.20915450461321403
0.483488379695282
0.3806172685212172
0.17477645965547456
0.17839959889559112
1.0434662753892516
0.21150056565846062
0.02665793759476938
0.0618986358313432
0.22332909481992969
0.09620672962006771
0.2500912782928316
0.08399033073340184
0.9738546976182058
0.029580819385797402
0.17424062113864627
0.5302879115525221
1.0541248713848317
1.0387657214191113
0.033657120109220916
1.7337326551832337
0.8299037377835253
1.3250686474990616
0.5610823693557622
0.10750921164086054
0.01693327415171055
0.11928503152914316
1.0547773805250458
0.865919634074235
0.27593815983154435
1.1286549945549476
0.047090686228389925
1.476229003140425
0.201299486468592
0.7352916101811533
0.07062557372183126
0.28012803825247556
0.32905549614050467
0.7168634040159049
0.5678579740738724
0.014614125279271745
1.0029224316592318
0.23773255168267537
0.033864251301960996
0.13113109055503752
0.2634806843693286
0.0715364692447188
0.03257785304380964
0.2438261759713781
0.09751335928480791
0.031260731541897686
0.24271644362581757
1.1816363672887134
0.22778848245738184
0.34145151994109846
1.4349680931158273
0.19986689954945303
0.6103834234812335
0.3735714388394235
0.10065381890915794
1.0752622205573301
0.6433396912329915
0.3866951467254469
0.39065058211917614
0.7534712779089745
0.5012035326957411
0.057606404647612325
0.13586232978060048
0.5145704411293294
0.12601506675553428
0.1023401590679734
0.3755508221400992
0.6813725384509245
0.017369242494527377
0.7504134243196608
0.7494175226100084
0.18316916269558514
0.0635268767883129
0.11119187007017813
0.29457403079867084
0.17564547935590782
0.21088070602630543
0.11973144769235113
0.12743213147244034
0.04330758104788336
0.02632660017310318
0.07758956632189543
0.22159337409348703
0.7638177330441307
0.26741244178388407
0.4760885817858838
0.13972337032428783
0.03959713496265489
0.40308723510327243
0.3765287926372515
0.004709330002539816
0.2611618926720543
0.03719699593107909
0.08771421445704254
0.05876393247770048
0.5936365095138271
0.09424576486161078
0.1759147010222102
0.2485161570274297
0.32510549991585125
0.2092760343202637
0.12766138207045175
1.0387999925866307
0.46143951659395477
0.15669493039019022
0.22320836222455176
0.2504515005493678
0.45512637398113354
0.3244218906957905
0.03754789181291958
0.34241954791628043
0.1577823644945428
0.5625507147296028
0.10551490659653788
1.0406020789794463
0.06373659331346122
0.045173061597989915
0.17624739189029548
0.7292764847834077
0.030648588075639756
0.022873987458576623
0.3317577892038444
0.04106389579265378
1.6774442672977061
0.04594031082949734
0.055121539215541415
0.01645265435008628
0.2661560571759267
0.07849422458197612
0.10733769312574154
0.8323595211890518
0.13270116555045314
0.32567352392423865
0.010559642826526577
0.6251636058847322
0.04687601031903078
0.007628383123777655
0.7768348683789007
0.0671264681697422
0.7579493543837676
0.33138697936457295
0.013099570673278271
0.14341700329671597
0.10986619791614102
0.036112613461818543
0.18750539855030748
0.4007385597157236
0.268181531293612
0.08127519404960173
0.38503136576546587
0.7438482449841813
0.2768261497045949
3.3706840800097644
0.22062340318690044
0.8902627780599651
0.004979111707582448
0.2941013793031993
0.038592740020517796
0.0432408738631999
0.1686196135260194
0.5389611520774373
0.32005648620960575
0.09727726695379157
0.36598144332789706
0.42689949984500125
0.0030791669838585293
0.7316762815730254
0.21700300230754316
0.0010338353438084352
0.16194183349548866
0.3575217568814346
0.32018315730622615
0.38110486919874953
0.0941474338849608
0.33888550132472545
0.11288350332264681
0.3279223773207116
0.1933720593620009
0.15102198551554694
0.03269638291177249
0.17956273583537546
0.056953415192461464
0.3152938188184953
0.5132948235994639
0.3058843456769975
0.1405012669298252
0.250850195945635
0.15802598731471434
0.3420553795466552
0.24644912770654476
0.26172514180536033
0.2627559782471949
0.1613811820866208
0.4025827559964138
0.3725769729012954
0.7146011169743784
0.3185009699792924
0.005473779096402874
0.5198831216162778
0.3183981766538476
0.7036643976396316
0.48959232591395785
0.5923918693487439
1.0904681360918773
0.06148043783849866
0.31271550448327856
0.08395327638882195
0.06411869365613183
0.29865592022221416
0.30965510032552207
0.18507015644454677
0.26210403188058307
0.4161476239969838
0.09909013882957618
0.1381209823787928
0.32859289156665006
0.23040408176480046
0.4725968268562708
0.010722006968257678
0.10462927797125704
0.2855691514669056
0.734369038363837
0.0899411886204006
0.11821586094685993
5.182292862567126
0.036373913813221845
1.6073366327717493
0.027448877964737828
1.0327494289209576
0.7204314144764168
0.004187439508491185
0.30553430571299905
0.22994055386738035
0.6900274300386482
0.12861663566722764
0.1119425302278044
1.0396677990370828
1.0212280557806017
0.024896454559806012
0.34221851740493564
1.4292555245316718
0.1790837308583102
1.47412878314932
0.028812958982490287
0.5075133396465161
0.4863949195192029
0.04652996240299468
0.142302141673319
0.25529065492347364
0.1836668636105437
0.18883335439367743
0.033042507125479174
0.3302278705581677
0.2044691434993476
0.4847896366753593
0.42799714611300144
0.12030516247258712
0.12719989232965537
0.17292188273611778
0.1290113503569801
0.2745312545972395
1.4359018837362172
0.35111084458645997
0.10935317761533027
0.7068931085159529
0.9761098138481278
0.01883373975835259
0.7307131815023308
0.17559290633425173
0.2032588539264277
0.4943169632550028
0.46724316113228037
0.23082937174547669
0.6321299797179896
0.3291494125792001
0.3091798207397376
0.5266398451992629
0.15194875412231668
0.4057013064724436
0.029450998077685246
0.6475755555860867
0.017838125712861756
1.223729068358875
0.014594919173964738
0.26584954919923887
0.4326246750849698
0.0962071116848395
0.21460194556340684
0.09606434179728027
0.018577400867734118
0.13338807617557752
0.7704908602877891
0.4529456618845029
0.026991495516239673
0.17341969331738424
0.3600463406394801
0.1724288049010302
0.301121396827307
0.11577690701110238
0.010119059336220627
0.8537285681200781
0.20872035425078753
0.13796596106025472
0.06312642284879783
0.37559039770709557
0.002143315378121043
0.009086147186466373
0.013040275672825574
0.08769939129632554
0.49219698609766155
0.08160606438313926
0.12123678232601347
0.1779080248588933
0.34838409524821473
0.07983906802364452
0.5615689407914127
0.8012267982376517
0.634406058461595
0.5928174493113403
0.12441583451868427
0.12787585156917664
0.029681361579674364
0.24748816172413285
0.5904867200412419
0.2527569363529746
0.44466140830820544
0.9188279668363928
0.1846665226497364
0.11538341503140344
0.25972729628025615
0.24830700248909157
0.6641910381964939
0.1812958567193807
0.04413535585956933
0.053044657382419744
0.20690674217507493
0.1982289577710732
6.44104882740056E-5
0.4023713726269252
0.29796952358486506
0.19228007498957736
0.03989042091245244
0.29193878406260987
0.027968438932850267
0.22230708654624304
0.0623574071438203
0.32460335225618414
0.7178018545821676
0.396041079769867
0.10295864146736819
0.5046145591325509
0.3872614554189712
0.041677924313715746
0.6864282702052615
0.09441052604690038
0.0071054810008563405
0.6113067276439473
0.31249253064913934
0.9548436774299534
0.2339871622835066
0.8669164656675898
0.06040398722513741
0.598881523111297
0.2484696840081416
0.1217524438150483
0.3382040275265311
0.018584553461492646
0.10575159533839792
0.49286472341333887
0.08329330302699821
0.1438247030968709
0.21497566032077406
0.029417890484683934
0.006878317611751771
0.1589158601696214
0.1360538786116643
0.08237403005915708
0.14704548059420255
0.03202163659701661
0.007442751485553324
0.470065294674791
0.6286414856381521
1.4080905759176925
1.12268738764406
0.6938901757827816
0.0403183486976649
0.029880496232183546
0.03375483563759651
0.02611773757760888
0.002539930572025722
0.34571089762098073
0.02791874438988562
0.5092071356021037
0.40624735889008745
0.8251807168675681
0.1399725034065993
0.26211064601091016
0.15758074386197
0.4223935445941642
0.019038826750838737
0.8304691619096645
0.07873413772064049
0.6258272557875482
0.16107568473197606
0.11645023942641566
0.00440993295609387
0.07173310542464094
0.6523337756136468
0.08258589434638537
0.0044713275544056115
0.022240985568470886
0.36759579068614096
0.029631912033129922
0.0915236762997911
0.46242142505016626
0.09442062074909886
0.061604270871896696
0.1813550977046985
0.34071055157413876
0.0902214169130215
0.05647700028402641
0.36801888230993485
0.6990931176648387
0.2701710814073144
0.25879953599809413
0.34563797532839635
0.24885852210247927
0.35912762351113675
1.5114459968059855
0.15988372476806426
0.20339986918224257
0.17192631957596552
0.10449385004716871
0.09349463442406983
0.014593558613974222
0.09013598848076698
0.5015555104761164
0.5627274153624844
0.005029896778792607
0.7613427938410983
1.1014153360200571
0.06839403171384686
0.3174450847725837
0.40312467479364145
0.3428796007265231
0.11444987043536854
0.3278284204288464
0.19787534093387096
0.21394921520317559
0.8186037434215898
0.052195442586341234
2.196976680351952
0.13807926933216955
0.28722766680289785
0.0875596412267368
2.1949960016682666
0.5031749383277168
0.24157652064649052
0.05741103588196658
1.582752369689909
0.06558442148203802
0.5275437706957408
0.2412852209319161
1.4952837043153966
0.35294473177361485
0.6770774000852466
0.5903146758406502
0.30837672744412536
0.020935427444080328
0.032229985935345956
0.08854200665329848
0.3773969092048648
0.22305619865152507
0.2897670379573458
0.37690530890301754
0.19355191355278684
1.7671643032533702
0.014733644383930839
0.8911638128822178
1.7787057664360022
0.06504552056190428
1.5022296087230613
0.07407027076896705
0.6609051013334732
2.0117888820800465
0.6972236620471791
0.601264011087328
0.11201678624505781
0.1594058038431892
0.28497712120613095
0.8157142177388813
2.1956594879449636
0.1319635158813172
0.07611965291342762
0.4619552516355559
0.7934159271354331
0.7212163000010717
0.09357183366791376
0.13430807788096774
0.09621259177596105
1.36886825816833
0.10289802357244356
0.06498703661877703
0.1002149933913782
0.5868988572959289
0.6353528064217229
0.3320618758727421
0.12972612804229583
0.052584823392755456
0.3268354127494111
0.005995980182386972
0.1098690528166256
0.22587115313418615
0.5295306934490515
0.17880060705042822
0.047126769558939824
1.0613795943548314
0.8954193802756413
