0.003407408
19.884602597
2.684744862
0.004647142
14.685471802
0.015116334
0.729652999
21.182001495
0.010744695
0.000803296
17.919727240
0.262103056
42.560097375
0.005759867
0.000206546
3.205776840
27.524530143
2.157200598
32.433988858
0.002720057
0.464748144
0.004396815
81.826731940
0.158238344
0.003066814
0.093904372
1.227570382
0.150486495
0.012114613
27.697982529
0.766327528
0.003640443
11.804312274
8.803856905
0.021109867
0.248151622
30.023693000
3.058541479
0.027332181
0.493922026
36.955931110
0.237086229
0.018106095
0.746497355
3.367706991
0.842661725
27.098422857
0.028334580
4.246476127
0.031956515
0.000174265
0.002264400
0.009323372
0.003276560
28.066836650
38.635260903
2.274114158
0.002183127
0.008983588
2.169458369
2.234538080
16.087810712
52.884804702
23.400255852
26.955715651
0.008630979
8.694885198
0.005061898
0.007330627
25.800023485
0.619808158
8.214752215
4.408287862
0.004899337
0.000508256
25.262306597
0.002585076
0.007167392
0.797433645
11.267621913
2.936102932
0.003490151
0.218236535
0.019069077
12.566890742
0.002197670
0.035230301
0.030939505
6.156568882
0.003576467
0.011645590
1.409551467
1.144734793
0.003877958
0.008112729
0.004302463
0.709404183
0.518710300
52.731068326
20.309648946
57.516512108
27.201918856
37.803918659
4.218414756
1.217888556
3.021481059
0.219065277
0.016099368
0.019884461
2.572176790
14.426320635
0.002513450
0.013230675
9.928640709
0.011265341
27.589633867
10.834109994
7.308663765
33.297362004
0.009264856
0.012877225
0.000740961
0.245961328
0.005885596
11.668990181
0.004331850
0.004159414
0.001790641
0.290164113
0.013067134
1.265637979
5.597493402
20.209241328
19.052333494
0.026008313
0.843484785
1.252454718
0.038246101
0.009212806
0.721425803
20.590987912
1.244111407
0.004147238
0.000784859
1.465656070
5.896178117
0.574843831
6.697720183
0.373713354
8.900859579
0.130592232
0.009640889
0.015318175
0.017200665
54.681968657
0.004316427
0.000212142
11.079878185
1.194407377
0.001451441
29.759844997
7.617225851
0.008052996
18.856911972
0.003601662
0.000047683
0.008819726
0.774820234
0.015894221
0.020169729
47.217815837
1.910361039
1.052341010
20.323994055
0.015537225
3.817504461
0.169807132
3.738400050
52.141088161
0.010256237
0.002191936
0.002219973
0.012634628
0.024882116
5.850763269
0.028008927
0.004204376
2.315766223
0.007409578
18.629089102
17.549035020
0.002549617
8.047165194
13.239329729
26.974912963
2.384646444
0.001953148
0.008270799
2.514222452
49.919761810
51.467327320
0.444809710
0.013089540
0.001951288
1.115382173
0.000503655
12.230978492
1.359719492
40.964016856
0.004263864
48.381289492
0.017194965
13.427524321
0.008264417
0.007795208
1.127303255
0.006937335
0.066960128
21.460859147
8.727641708
2.080631319
0.001219821
14.254707952
1.963857640
0.005245679
1.703833099
0.002091478
16.641861181
36.606527340
0.000115925
39.973267175
0.007697052
0.013098659
10.076929324
0.002512149
0.004456249
22.843835829
0.001138711
0.123629464
6.420516434
0.013471965
0.151072261
14.684529785
21.912048449
24.469870692
18.807772332
0.237112891
3.975995117
0.008124860
2.124015051
0.015132337
17.679715445
1.651877493
1.787307986
0.001034493
0.006981219
0.003677637
20.331211370
20.504805454
0.016545414
0.028308148
0.002524274
3.272405800
11.413646855
0.019429361
1.122488621
2.278357923
14.133868472
0.033608668
0.015055489
16.874740198
1.627278482
0.012094067
0.037034252
0.006034991
0.006081037
27.335001574
0.004590038
0.015237998
29.112554982
52.774799853
1.913268915
7.678844772
0.895902587
46.934917594
1.214241377
1.033288174
3.317289465
0.014861365
0.005492307
3.242246383
7.775025316
0.015847690
6.890199169
1.324571655
0.256246347
1.316867198
1.269871455
0.627101506
11.465945992
1.029272429
0.000151264
0.001026678
0.009450053
0.291013999
0.057380937
11.174007550
25.211128196
9.749537002
0.000305873
10.066729601
0.002905192
4.406494754
0.010935820
0.025002455
2.552543300
0.008451037
0.015965248
2.674215681
0.363208274
0.002252197
2.653228495
1.922623266
4.190802964
2.982684928
33.687829804
25.764833046
0.019318769
0.204155248
10.328069237
1.880025258
0.018569127
5.382565974
0.010754427
1.942985403
0.005554357
1.025420669
1.011942101
15.213279464
0.002286437
0.006639549
0.032830952
0.007669963
0.004941323
0.496012464
13.700871080
0.841062727
9.290958474
80.022629705
16.652173324
0.008572082
4.798034378
0.000312074
0.821951777
4.406511274
0.907207927
0.005225118
21.992758981
0.004173933
22.227825508
29.430386358
0.002647128
0.017254563
0.009185541
113.424567518
7.008798135
91.732118100
0.209043864
0.011995224
1.560643317
40.343160430
0.001249358
0.007648320
0.223184290
30.029459311
0.048121215
19.403462735
0.210145999
0.099362635
10.701252087
0.012040193
0.072885600
23.526039092
5.179802085
0.001032649
0.004216911
0.011803088
3.418746242
0.003942121
0.440445697
0.005638688
0.004879533
0.001784989
56.629064189
0.019602292
0.001100198
0.023094395
12.712801475
30.717768096
11.312533417
0.016601240
0.058554315
0.001976285
0.640553728
0.070559017
6.367918307
0.751509914
1.087240061
0.005673204
22.347317745
0.000984840
28.131498793
0.008876184
34.708064018
2.353612792
1.787199356
28.096481814
0.008239976
1.935169983
5.318952729
16.868070764
0.009263437
0.005722879
15.759706989
0.008692894
0.008573097
0.000082534
0.012616407
41.402041369
41.952365968
1.018528790
4.770009054
0.054678183
47.232404608
0.002040527
6.815479022
24.686130941
0.941381391
0.336024110
0.843240991
0.000252635
3.728061985
0.010221220
0.005152784
10.268008208
0.004688484
0.025784400
10.972673624
4.885381580
0.003478611
0.004320603
0.004434941
0.362780639
2.880806594
0.018756049
60.664963177
0.017333071
1.196220432
2.964495812
44.696597226
1.082245757
81.225825424
0.002935249
19.566051949
44.741620659
0.006750017
27.999708531
0.000057258
0.031835427
2.188589120
0.015811995
0.001711380
0.030948987
0.098934948
1.665608726
1.309974632
45.934787962
0.003253293
0.002296482
0.016371592
1.535072656
0.001291380
24.173410713
0.001279804
0.001520767
19.296801327
31.191235832
2.400032933
0.007519371
0.005936548
0.000135311
41.711595293
8.101012899
0.001341464
0.006390078
18.308904662
1.416629799
29.608845672
0.019104415
0.004657911
0.003670194
0.012336336
0.002914903
20.175959728
0.004001338
0.001651837
8.609252171
13.479480121
62.477127191
0.531071728
5.533102795
1.993585309
0.005059172
70.212011931
74.638563592
5.028476861
0.002010049
0.719498553
51.183433030
0.008954801
1.486468070
0.002077463
0.017446273
0.004218137
0.000843354
0.004283090
1.447125498
0.018363835
0.010257478
7.745341360
0.662657454
0.023676386
16.549345616
0.008215827
0.002227683
59.269651123
0.008407092
0.348537422
0.413845794
0.008283483
1.533330927
35.731319798
71.016900774
11.104441307
0.004702915
0.293317846
0.555683975
3.860613581
18.136540180
0.002534171
20.942552887
28.371910923
3.094422383
0.009173643
0.000795968
56.340056636
4.355615323
2.974989483
0.007056592
0.004199873
0.320295411
0.011654088
28.828853469
0.007913162
0.454076205
39.561104336
0.019797252
2.397018457
34.209930206
0.253364169
0.000362467
0.594074642
32.836864520
0.002350456
4.538470806
0.009496891
0.809141926
30.391873463
0.061187516
17.639598401
0.083430067
15.381485888
0.027212567
2.428985359
0.002559285
0.007125847
0.007391172
0.445480675
0.000204686
22.215792650
7.994064676
0.007622742
14.490503206
1.334604238
0.026090856
0.014511800
2.682096981
0.007303381
0.000669860
6.597411970
40.131692894
0.003823593
55.760474165
0.895696221
0.009634927
5.753379188
0.261131660
5.668718416
0.038174150
0.001942768
6.514757792
0.001148656
0.023647165
1.446419986
18.557403866
1.342581879
0.010779666
0.006388210
0.012755660
9.382901377
2.253555295
2.165897076
2.313331222
0.001723111
0.010975805
79.423568647
7.415322233
63.513949736
3.552875122
0.388600191
5.841507896
0.011602569
6.991610612
1.297702854
6.549454648
0.007834446
0.004865388
8.065899779
0.004202911
0.001695627
19.015893531
0.006922586
87.460281299
4.186841218
6.587402191
14.114034596
0.009133491
0.001111720
3.721897780
0.209859922
36.145788809
0.004249812
0.002683407
0.015717465
4.066887432
0.002666223
0.001877034
0.001328282
5.169282686
5.042204938
3.036115817
66.693119583
0.005225796
1.098437452
0.679657241
0.549882193
0.001230613
23.793949345
0.914068220
8.216431434
89.235187575
36.701666193
11.448372319
0.052662457
0.012900386
0.001027952
0.611855018
26.255499348
0.345598368
0.141342217
0.029138107
0.000543485
0.984252115
11.518810395
0.544778654
0.574885970
4.309175042
0.007782108
0.025724903
0.016360923
18.334049137
0.751303964
0.680750102
43.429696998
15.112757970
0.004357637
12.405277012
4.418530687
0.499488601
20.980634903
0.003227721
10.246112943
0.942742825
0.000203789
5.143454022
34.291133121
0.004392331
2.963466930
0.015472282
21.670644208
30.216455300
0.135537715
0.008160050
8.999025999
0.003590584
0.017316870
4.483804706
0.043357175
0.007196068
0.003539637
0.017580149
0.004770144
31.272722857
1.009320245
16.055380778
0.002918319
10.766111324
0.000836050
0.142590381
1.690442920
0.006703866
0.003307131
0.050041678
0.033357811
0.001447495
50.598134959
0.003707202
0.002497293
0.012056937
8.161138344
3.354234984
0.006464824
0.011872825
0.001453386
0.078293998
0.015863351
0.216193117
25.449096079
0.032993354
0.406720069
0.001817463
0.004521337
2.761443536
4.336568090
14.361854043
14.063148474
29.966608538
56.746921213
37.039038931
0.000545063
14.626516094
0.023050189
17.310751351
3.330570623
47.095694256
0.004391136
7.581437749
0.011291360
0.011614959
0.022906999
0.875841147
0.025603563
0.007456086
0.025883451
39.379322829
2.087502548
4.469451011
0.018079150
47.436413698
1.316553515
0.039949126
0.906523146
23.277032765
2.756192165
0.000058626
0.004401066
0.681158952
20.986735820
0.021070356
0.008315083
0.000638765
31.376883883
41.284226294
0.257658052
0.392333794
18.481534254
26.091944541
13.117359720
0.009364760
1.401814320
0.660076846
0.006068506
30.050415763
0.623901284
0.005577355
7.887003731
14.063198827
21.929567084
1.278608273
24.702153395
1.658236215
0.000043397
2.682841333
0.014671306
0.169924422
0.019618286
0.018118587
0.006859334
0.007107143
11.894379243
1.844372995
0.553444993
0.007719574
1.062063751
0.011004533
0.004333677
0.019705207
0.000222526
0.182987489
0.519338079
0.001911152
0.005301966
0.740084860
12.625745704
32.699175680
12.502338142
0.000649825
0.002547121
0.002302992
0.022180460
0.006076753
0.001480500
0.022304071
33.390766857
20.554822582
4.600572703
42.225869799
0.448396060
16.813466679
2.657994398
3.628568155
0.008745803
0.008973632
0.004021159
1.217891230
33.766091030
0.018078804
0.001326769
22.043376895
11.586177034
0.424970440
0.001994232
0.001892580
1.492861941
11.261458679
0.002121911
3.882161075
0.013982623
1.918273997
15.430008187
38.407878415
1.508728742
15.129163173
0.009945969
0.005584638
5.795204121
0.004237959
0.001697913
0.012270707
0.027633176
0.020525924
45.467319417
0.701609955
18.455558276
1.335535972
0.442625521
0.417873108
0.017098588
13.686202367
22.256402980
0.022600781
2.186477512
0.003651689
64.930105683
0.015268170
4.072164658
1.243687670
32.950883316
0.018057274
18.182016779
74.299983913
42.880092804
0.001747791
47.930578818
9.430566889
0.018111724
28.493249343
36.502473666
28.515612347
5.849654281
0.000556944
1.382516411
0.030071087
0.030248663
0.017705926
8.125327219
1.692622113
0.021731805
18.711012338
0.004421101
0.012297506
24.760719444
0.007124408
26.130663069
13.373773843
0.018877213
0.604662808
0.053018439
55.109233222
0.539481222
40.036777329
0.000546613
0.010700917
0.003919983
19.990633639
0.003314819
0.000098993
0.010905312
0.001092545
28.917893899
29.877102958
0.013989204
4.507768067
21.180177347
0.405071961
47.010055045
0.219746117
25.687835203
7.499988014
4.127402693
0.435635006
0.008687318
0.015551217
0.166801294
7.139406945
0.000172141
1.351758206
13.405021359
0.023738853
0.334498849
0.018638645
59.970411542
9.317417884
2.105344907
0.591963232
0.029106843
0.002378616
0.000002245
0.000191759
0.466603741
14.828705015
0.014570410
1.432747633
19.005245068
0.004646401
39.743084676
0.001279683
15.087610385
1.334873132
0.008146784
2.401227487
10.395597468
0.611243180
29.630551724
0.455663014
0.000979741
0.010759903
18.034083290
0.002067215
1.885312082
0.001882467
0.000488371
73.199240443
3.205488161
3.590466117
15.561779187
18.334970780
0.007669121
7.285970925
12.723486374
2.457552933
0.009234484
0.506539954
0.858328424
0.018010508
0.006335676
16.241621019
21.682445130
17.795908610
46.899878713
3.521528603
27.453350067
0.007969127
0.000297083
0.144171103
10.818517856
20.791162946
1.189529489
0.010987126
0.004878095
60.528643027
62.099396531
63.428934220
14.668717426
0.007254359
4.544942374
0.175958440
0.343504482
0.012294793
12.154310794
0.007021011
0.007730226
0.000720372
0.004480806
29.884271796
0.479977499
0.047686764
0.013298186
0.029547980
0.016259221
0.000764743
0.254461148
0.014139465
0.008209421
0.020128887
46.985103279
11.200145572
5.404213366
41.422301337
3.970602656
1.637557035
7.309226705
0.361971373
0.649252902
16.333436353
0.485367256
0.027748039
0.004879176
0.010917700
0.012685833
0.736869833
22.661037167
19.721608842
0.001491710
0.002898385
1.440021217
0.025292809
0.013654876
0.002671168
2.035903342
12.145975439
0.004688801
1.414303121
1.271923736
1.153070629
0.016782947
0.001709138
0.018666474
40.564041343
15.665296993
0.004798219
0.002381084
8.215089887
2.906839323
0.015387882
10.119408179
17.362611099
11.168782969
0.018251811
20.386009837
3.441148088
0.000893151
0.001023166
20.829558197
0.005588928
0.029436633
23.817485849
2.018856047
0.098588294
2.159492627
6.291771932
0.038116740
0.293779808
20.685052377
0.251757905
0.008821060
0.015185588
0.362292170
7.161132453
2.242246524
43.431138896
0.023292441
22.793446866
0.002152060
7.954657421
3.105737879
0.001555830
23.472101129
0.001485747
13.991602788
51.283227528
11.225201066
0.700762562
45.169500433
0.021885682
0.579816573
0.016601726
12.849974761
49.037208398
38.013361211
0.004127937
1.432539972
77.727000171
0.283166991
0.050380357
0.007698409
0.000490416
0.024515534
0.187462981
6.753437213
4.250252797
6.017450411
0.427485159
0.030837507
0.002840475
23.377775624
0.010122597
1.336426927
16.272996827
0.154110880
1.142102637
19.702799279
0.840832982
0.005102081
0.017179451
22.738216037
28.942361173
0.193012391
0.001898640
0.004305228
9.236100165
0.001884841
0.185660949
0.006389578
0.004249041
0.002561343
1.766863856
1.480466604
18.998728023
11.293748134
0.094331516
0.007550412
0.011542387
0.016055481
0.831443866
1.878029254
0.019380226
0.013273866
0.012308260
119.123432276
3.213455274
0.002028756
27.289367407
0.013879614
0.016362015
5.447785451
9.604712587
36.085077340
0.163059822
0.000204359
30.355200822
0.003010868
15.985573605
0.000759661
0.017151035
0.012109728
1.631142482
1.047618721
13.758838822
0.010364695
8.567611739
0.009337788
22.258964575
20.008166949
13.865412394
96.305733900
0.005801183
0.273230844
0.020352171
0.010864193
0.005256540
0.013717280
0.000220206
9.265354653
0.110810779
0.002037275
17.983233858
2.605362641
0.006816977
33.066092903
0.002491034
24.499985277
3.949289265
0.002137830
3.166992651
0.007182408
0.091986541
11.618471734
1.950758295
0.003740635
0.021826159
0.891208378
0.002917520
25.593944443
12.750063469
84.663080764
2.304652622
45.687680639
12.093040759
0.007672502
41.983637342
0.024275887
21.692404719
12.960200089
27.876523949
0.000613144
0.003485880
2.668467406
0.001761632
6.373115154
20.266593168
0.244578782
29.427508870
40.934218214
35.370216578
13.225020187
11.708681135
0.238220809
0.005648225
0.009576251
32.885973219
0.014629833
34.999791579
18.270120306
0.023995754
61.268663283
0.461955711
0.044605168
41.461125911
0.025129471
0.008827661
19.405067724
0.007594061
39.687485522
6.302633184
0.006846207
0.007732642
0.000216542
0.001401911
1.124745146
1.823741601
0.708786291
65.837433636
3.808941003
0.011415820
0.003114840
10.101879460
19.201000303
47.147074077
26.162514821
0.000171493
0.002805717
0.095097432
0.012064766
22.452335110
19.687018343
86.761173506
0.000320549
0.643223970
0.001141075
31.134180590
0.023281201
0.002624348
22.686477265
1.356165264
0.797180918
0.009921417
2.899381985
34.069857157
39.685295810
0.005178107
0.644590439
0.011348933
0.036864920
15.865604495
0.007980824
0.008587681
0.019883376
79.805531688
0.000571190
0.078296430
0.017696351
0.000045120
0.010448267
0.009177227
0.038568296
7.029720286
0.008554930
0.032397504
72.868453668
4.274662488
0.015981528
0.007892279
0.006466877
19.486130744
27.547446536
0.002397816
86.284602119
0.000753484
0.005714039
36.963175933
2.664078370
16.663623153
0.297053105
0.301822286
0.013755800
8.279434824
13.971712059
0.007601011
0.024309420
2.741995338
17.985852298
0.000128622
0.277586585
14.242356320
0.005913140
0.447148140
0.017073576
11.572145212
13.383558632
9.395108561
0.006125073
0.719500514
0.000872082
5.767969336
0.004586169
0.004625435
0.000577426
1.472465221
42.801022852
1.060902919
12.227474804
15.085262998
20.784610250
0.007518284
0.027230524
0.224051467
1.873564746
12.404027004
1.597246266
0.002031447
16.755170239
8.671297338
34.682334533
0.106860299
1.377702428
0.008667490
0.190882005
0.010239609
14.560795033
1.840410446
0.017176063
13.060090370
2.164593599
0.004556003
20.422958251
2.146090031
0.828509040
6.877187382
3.121997002
54.734298646
0.000969337
0.040712644
9.735543528
23.610483765
19.534895629
0.006201896
0.009990428
0.068958843
0.012751275
15.099802387
0.003699532
3.352622728
11.295948916
7.961335090
32.296225142
0.138609795
0.084056551
0.160547756
1.130493966
0.007520553
0.001726609
0.005598676
3.754032648
4.337616787
1.261780847
0.000322909
1.009717292
3.509621830
0.002010992
0.006791589
1.750792168
0.021359749
0.008291117
13.292894664
0.003637470
17.354884183
3.039387246
0.268485645
27.086967667
0.003178997
0.001272996
5.805509869
0.009801818
0.025920767
0.012508566
0.009823404
0.089279703
27.990607071
0.018745926
36.941953871
0.023101238
0.003915458
3.250047632
2.580220695
0.014447190
28.655631679
0.013683949
14.634303431
0.000927242
10.567911345
34.569267012
0.009984266
11.083003980
0.020603574
18.281862952
0.064993760
0.029210241
25.833979954
0.007526859
0.003337020
1.872618385
11.350676744
8.395710652
16.628931307
1.676787434
0.001880171
0.001110431
1.902538531
0.473221261
33.562685065
0.005143036
24.878385347
0.062095564
2.526663046
1.243325424
0.004963837
42.380658749
10.206944159
4.115184526
0.005651778
5.709545218
33.199041578
2.009969317
0.006444794
0.003893882
0.002027921
0.059518822
0.034471775
4.109394767
0.000514012
25.085705821
1.142034089
0.078149712
24.599855541
0.886689186
0.001684252
0.000586921
13.781295522
17.975312964
31.965880266
32.295625192
0.000181924
3.190407164
0.011443245
45.646038348
1.094320776
44.019401857
18.205517900
0.014313363
0.012875000
0.182464786
0.584048263
26.522471153
0.006720533
8.010142087
0.003423126
4.769866087
0.501104807
0.006264423
0.007825099
12.502215196
0.301566551
9.128121951
0.539944689
23.204180945
0.001138037
0.563902935
0.003831083
0.057733577
32.080431844
29.598822301
0.013637876
0.236229920
11.460652859
21.029772349
0.010423344
0.012340101
0.005372047
1.135161452
1.993872219
0.334652027
3.126371384
1.630443258
8.660644566
8.661844018
41.875309739
4.963212016
11.072145515
11.718372045
18.689465959
0.004224889
31.180904854
12.384120372
0.012437729
33.151329414
65.625682840
0.001006909
5.738407647
0.000423440
0.030861696
9.359959398
25.250676294
0.958440224
10.686378142
0.022513117
0.022878237
0.000960993
14.649535155
0.002274422
0.513416680
22.876854691
2.533882405
0.017863238
0.065149173
0.149651378
27.430990119
0.024744395
0.020422027
0.009709327
1.928868201
16.847692865
0.669760587
1.887027773
0.007226825
0.001247447
0.923603721
0.001125803
53.944053838
0.015823791
13.802195252
0.056299611
0.645357167
55.496679527
8.408407730
0.308272544
7.034115373
9.810976615
0.000603550
29.047174952
0.001118353
0.014523210
0.022098907
0.067561581
0.015776836
27.567664263
0.003343379
0.001734633
6.257747202
0.010457304
0.005610803
0.019795390
0.002371186
20.755804839
54.785212156
0.007238068
0.000054985
0.284238854
0.001493774
0.001872442
13.813767667
24.978005543
0.171826300
1.397875725
0.000408692
5.189580739
0.023184027
0.177197360
0.016018787
0.009152327
0.011226048
0.034751260
5.748423827
0.031713464
19.186358019
11.137144005
0.468818944
0.722512734
0.009703563
7.358247652
15.494509866
21.683890722
18.413074783
0.003009663
6.865125952
7.346137730
0.029547310
0.005531769
0.011954055
11.528070063
0.230984350
0.004159627
0.010337530
0.002307591
45.807960860
19.569812278
0.031526501
0.003171717
57.448256557
0.001556027
21.361144061
32.324712230
35.832714627
5.867447745
20.769426385
3.819417545
0.011727721
0.018637682
0.001716683
0.155411787
7.001247966
4.443144503
1.207652133
0.025409629
1.478592909
2.893045411
0.006043922
0.015105264
22.681215047
1.058582211
41.512096595
16.459191130
0.014589176
0.614145568
88.278476277
7.025924326
38.364560851
19.667157070
19.910383877
0.032244774
3.845774336
0.004859869
17.230667826
0.001430027
0.995574191
0.013079382
0.029856340
0.009526930
23.718072413
0.005107688
19.461703043
0.004697266
1.106467686
5.321248487
0.604118859
0.127496954
19.699731978
15.394108571
0.002722733
0.730169282
0.024922753
0.022652182
0.395584444
0.000364797
0.012123852
30.227349973
0.019344876
0.001155346
57.908359969
0.374335939
2.174728286
0.004734534
5.573021609
33.283207272
0.015045895
3.938759404
0.023301137
0.007117294
8.230241894
0.008825634
0.005286229
0.003014271
42.819581772
0.728212586
0.215240354
0.000184790
0.028107990
0.014926552
0.042338032
5.105824003
0.032664592
0.186766519
0.002797336
0.017299496
6.003296307
4.351349281
21.652314518
11.703821019
0.043499804
0.799680421
0.001540447
0.013118741
0.992105928
0.353436655
3.764765748
4.510937154
16.871198326
0.002629442
2.632293086
0.020176992
8.212820465
0.047600599
20.018531827
0.316742403
0.291328622
0.025656020
16.667811518
7.799958895
21.871686969
15.419229254
4.974102398
46.544179425
22.810589849
8.407021557
0.006787176
4.059363284
0.014415943
0.003346201
0.003730470
0.003792037
0.444891244
0.001979450
0.997018738
0.005941038
0.006788084
37.055500045
0.005933890
18.398111857
0.005731736
2.559232968
34.796450386
2.201858669
0.063854219
0.011751197
0.006079592
1.565142907
14.159400941
0.010844291
0.002398530
3.088546225
0.007614449
0.012569576
0.049371189
0.133661963
11.678530598
5.101229176
36.121501614
0.004870901
8.366387739
0.012486790
3.388871237
3.608194677
0.027307662
17.198641486
0.026833060
10.603774799
1.334608241
2.416648291
0.021271415
0.014322033
2.274528819
0.023818015
0.074962833
0.009218922
9.888675211
31.978111941
65.373521115
4.296216481
78.358059453
0.014903517
3.334289251
0.003379034
0.276795032
0.028725618
0.001881804
44.771210367
0.121326118
0.013827043
13.945652187
0.006573878
0.003367500
8.839855849
0.022355774
0.009730616
0.011618548
0.580416500
0.001688833
0.000877524
0.041601906
2.785438449
0.407763646
0.103370124
0.002069306
8.686149793
37.146773928
1.490532327
0.004012140
2.762715676
0.091587295
0.000668832
0.002384824
0.024662768
0.337050306
31.084806564
0.011469730
0.433480309
0.004871167
30.863414993
3.322153651
2.468130148
0.224937686
39.384567053
3.664792818
0.005492029
0.002721826
0.002436004
30.539006097
12.863687628
0.009988899
0.425841300
0.001264833
0.002302258
30.917972051
1.986241518
0.010983767
22.726136807
0.002813400
0.965667117
8.210306053
0.029156457
26.315387379
0.567262864
0.002290419
4.590440802
0.002821942
0.056288447
0.003470398
12.181737018
31.511958505
0.014124886
0.022498395
1.073330245
23.917901079
15.138304728
1.032683177
0.001455012
0.012029597
0.015482149
0.019516617
0.008361136
41.527081895
0.002524429
0.000185540
0.006910603
0.016683746
3.502171564
0.003715148
76.997337842
0.014462775
0.007074505
6.725302610
57.008074207
0.004533715
0.614060592
0.004366827
31.611630430
0.011237201
16.359028668
1.629388154
3.901550702
0.019206680
24.434970089
17.213970254
9.341539079
2.410373730
0.003247089
2.447884736
0.006655874
0.333187379
0.960992420
0.026236061
1.475392300
0.009200934
0.006291617
52.102255862
1.060663291
4.883104864
0.015661596
53.580663187
6.670736912
0.006677302
11.510260241
1.106676196
0.010756768
6.455045877
2.122669380
0.013153648
0.408621813
0.192909063
0.007952355
1.231085720
30.409118021
51.342891020
3.151127298
0.004426627
5.174576253
57.853349062
1.563205227
6.634690855
0.005677543
9.593419206
0.014500370
0.329200928
17.157461762
38.568099742
1.946539476
0.013381186
0.005903954
0.009174008
0.567196256
1.126016961
19.359877550
0.187137067
0.003724692
25.069624821
84.809821550
0.007904171
81.025042167
1.852672371
0.348520349
11.298560504
0.000638821
17.867661329
0.004478001
0.012075328
0.004448876
0.189393282
22.917392712
0.002620101
17.756123755
15.584326096
16.825951620
0.003975358
0.001604675
0.016313449
1.548880398
31.613788352
0.012134878
0.042802493
32.614769680
36.342397153
0.003055429
0.000610437
14.780540365
1.680839392
7.626884230
0.013836777
20.461353777
48.697303355
0.745582922
2.733046225
24.681519479
6.374305318
0.006711424
0.008913331
6.396743169
3.267250021
0.005685481
0.277621869
36.268031772
20.116320181
0.004642366
11.984246348
46.761058483
0.013943418
57.373944621
48.313210542
3.449765155
26.605013585
0.000227546
42.286309826
0.019273761
17.161498806
47.105236602
0.095602525
0.439663623
0.010901059
0.002720294
3.531840003
37.852257611
0.007229403
2.570393373
2.151552969
0.010474346
15.087483179
3.179016329
0.157914237
6.822498881
52.801139618
0.000754474
0.456170846
0.015987416
11.749014359
0.006855570
0.009150714
0.006346066
23.387047511
0.167906299
2.763403884
24.207404335
19.349227904
19.165586116
0.005252378
26.756528619
18.367933403
0.249103754
0.013274140
12.288414970
4.673079804
12.171424957
0.016845296
0.005936552
33.196083292
0.098746102
0.000268270
0.008215361
9.257189211
3.599111011
10.831759305
0.006659980
0.330916203
0.000291223
0.002716633
0.006998801
19.964804417
1.705505700
4.629087758
12.653587153
0.022050643
0.013515093
0.020527920
0.002386810
1.059483366
0.000905447
5.903343695
44.679226219
0.002598848
18.193947893
16.046888525
0.002815034
24.784835013
16.929368296
19.665420023
0.001397357
0.745522704
0.002557030
10.782869911
83.270417747
0.014832467
0.396952499
8.010821810
17.515790950
0.008802396
0.002501391
0.008220750
0.002120731
0.521750864
9.429379981
42.651432943
2.540543835
0.001010814
0.001365068
16.039310873
19.789218760
0.003501590
9.359830320
0.012863911
0.000355576
0.046331942
6.821109053
0.262417119
0.009120035
113.693532401
0.058068711
0.008240361
0.621213154
0.003922207
0.401990896
3.737234477
0.004389431
0.784040878
0.519830177
0.025507139
0.000980107
0.002747340
87.779707121
5.036055211
4.279630053
1.230009507
0.178819682
0.390937838
0.003413784
0.013877077
0.233641837
26.093490546
0.010486010
1.820274901
9.763779591
0.855149340
0.007652989
0.006550327
7.592205267
16.685357186
1.012585173
0.034427668
4.771311895
0.128570418
0.007733544
0.016316747
11.995771762
0.308847360
15.105893411
7.346905533
2.253744001
0.012949969
0.003983361
7.550009634
0.486245897
1.122494488
0.020508320
0.023027912
0.061718573
0.177270389
0.019745803
0.001016575
1.284890486
0.021737942
0.009881037
0.015512735
15.596006144
16.152855562
0.782610449
15.556683901
0.009422572
1.819797805
1.905940264
32.347513265
0.001849535
6.081774452
0.293554748
9.193146431
0.002279506
1.999656717
1.637244404
0.001418932
59.279308675
0.007010073
0.000484656
0.001155392
0.000031809
0.507441695
0.003340523
0.322971640
0.730443230
0.573300523
0.004313331
8.423657575
3.023997402
0.016069339
82.092747866
0.003448162
7.836548727
42.732367757
21.303034645
0.017188683
0.010134978
0.006284316
13.614092733
0.012076090
0.002742293
8.181331138
14.253198475
1.902301083
0.176440102
0.540498617
7.929891514
7.127395210
7.797824879
16.138479682
2.882279432
15.935106388
18.810092155
0.004500164
0.791735634
62.608978753
39.138904624
0.000209067
0.322112548
0.015896767
0.006781699
2.110841364
0.017196707
7.096425277
5.029519092
1.462258997
0.001053209
0.016650409
0.011700078
5.913725369
0.003482654
0.005328479
28.965156795
24.315063838
19.275336385
4.057948813
0.002652867
0.010175771
0.833213301
0.596543564
0.015889782
0.002268607
0.106615489
0.001138441
18.298697458
0.988068143
0.002122761
0.008400352
0.011140008
0.411979330
0.011421944
0.082269067
0.006763711
29.779008461
64.818912950
0.000984840
0.211560917
4.423321189
0.006749811
0.019195034
0.059871214
0.003439634
0.008229073
0.011918845
61.921966022
0.004020609
0.016212294
5.826631114
0.012767949
107.389568433
0.011956870
0.005873319
0.000578382
0.004561853
0.000941799
0.014262876
18.124915790
0.001191882
0.004022692
34.605391744
0.221903806
0.006064495
0.002042653
0.548444573
0.361973552
20.767767963
7.328232539
102.377966924
42.553434595
0.000727336
0.001566189
5.333940150
3.349611884
20.288317834
10.268260631
0.338099242
0.001855366
0.005714408
16.427928455
0.004533196
0.000311175
0.672957460
0.103303116
0.036325358
0.001565476
11.804803859
2.782037319
40.565499626
0.844164049
47.854617084
3.856958230
0.557616728
39.598605292
6.653510748
0.405386139
0.002855676
2.200076326
0.001726089
18.602929337
15.722241926
9.790347467
0.012368765
0.005371843
0.572520180
0.023998717
2.302658049
0.013485638
0.000339235
4.939390673
15.229773386
0.000059404
0.239360861
0.045593439
0.013511865
5.719627072
45.377582799
0.013387619
0.000743444
0.003326315
0.007310693
25.017362786
43.458406605
0.000511049
0.954479136
0.001895732
74.447764277
0.015941237
6.799627833
4.471116790
0.739894446
4.189495269
0.003036832
12.355567976
4.427456220
5.463863107
0.002723500
13.720570830
0.015752398
0.011805588
8.982967062
0.000279671
48.969265343
7.225539552
0.416999693
44.091500740
0.037146579
9.702756705
8.178714215
0.028927194
0.025201071
1.844911329
0.010186133
0.008904927
12.952564263
0.006631868
2.076879980
0.014023161
0.003083529
11.556915092
0.009564662
8.758572070
0.013927852
69.771693424
1.489790317
0.012812555
0.002109208
0.529708781
0.940840759
0.499148342
45.911101500
0.011082323
21.806595153
0.361605064
0.020584478
0.014315747
0.326932688
0.639111919
0.001209580
7.724101292
0.006546193
0.240124343
0.001762491
6.312428626
0.410089767
0.021441671
58.140224961
11.613281382
0.035525624
25.882794218
2.112260885
0.010521830
0.614268560
0.001474842
0.005127686
1.942624609
0.015137954
0.000047449
0.717010206
16.649063001
0.006783057
0.007939201
0.006816885
63.318965968
17.820612254
0.013173665
0.007446634
0.012388439
0.000917165
43.350326055
1.443936490
16.512838741
26.103841353
0.002181273
0.585961287
0.003150466
0.006644844
0.000903528
0.339022813
5.103391429
0.032575321
0.004198455
5.421541992
8.100130488
23.312001723
0.106436043
1.311488331
47.374654927
0.017068714
1.057922777
11.862658871
0.003390197
0.002418409
1.469174511
0.009431503
25.462357610
0.269715256
0.000222014
4.172293679
14.480834796
1.787626275
2.091731793
0.794552985
0.018171185
34.021542892
0.010023817
0.003650158
44.145348449
3.128637138
10.656991671
0.752827851
0.016220158
3.010623732
52.486775442
0.008865626
26.585751110
38.737816916
0.166341475
9.069284166
0.030956317
0.000519314
0.864255140
68.548381975
24.242866636
0.028388107
0.005257889
0.026319371
0.011583830
83.433810148
0.130461654
30.787237168
19.812289989
0.148248119
0.006903444
2.191290497
32.889741857
5.807242452
23.170272658
0.008054313
13.462844574
33.268314016
1.779342219
0.001565971
18.584680614
0.026295262
2.292265342
0.030238274
0.808058527
0.007006404
26.892719782
6.936313485
46.747549047
0.011867526
0.000879596
2.389272130
17.004242270
3.189630148
0.002384813
9.953764606
0.000602339
2.465990848
0.008574164
38.302312610
12.169572046
0.003005050
0.000974441
0.381355014
20.365134472
0.005449903
5.055622763
0.011163813
6.059978989
0.004362301
0.006824378
6.978341663
10.264918972
0.006032410
15.225416527
3.038607693
0.164506127
16.219496415
0.007593747
17.879894382
7.803953574
18.379130828
129.183492369
0.000008257
0.015341263
2.959998513
3.417068322
68.178189024
2.840466302
1.932611077
27.384516294
0.001658359
0.024577549
1.455325552
11.584716962
6.599506790
30.125271744
0.019025902
5.520381854
106.457446731
10.252765559
0.003722812
71.280031493
0.015263935
12.754203533
0.173041030
54.221500147
16.926421248
0.005099315
0.004768412
10.057960006
0.778922548
8.505387744
22.629542843
0.016520192
0.004380699
6.285666386
0.266858193
0.011859809
0.009699500
0.006518566
0.011856655
2.061488747
0.012303094
12.974157343
0.001059417
0.564111960
0.004260667
2.343321257
0.603634754
0.918095566
1.757552791
0.016368734
39.062485559
0.011613076
0.002374903
16.810412497
20.173342870
10.285640046
1.011748518
0.033580780
1.033209095
12.873305967
79.554782642
2.949436607
0.038704014
0.003510502
0.046312949
1.131256344
32.360596685
6.884563626
7.417274616
0.896849646
0.957771846
0.002537758
17.390899564
29.765822992
0.005413299
2.754021383
8.335371906
7.090888967
5.987101500
0.002641349
8.666120274
0.024126194
0.149743230
0.197058154
0.007451403
0.007221751
15.571043409
10.105900352
1.438566956
1.623767199
0.016528836
0.277026586
0.005146980
20.946433061
1.713062619
0.007007209
0.003524951
48.515378286
9.843265109
0.809508444
44.347690043
16.358535762
0.007675888
2.109034600
15.269733066
0.007865073
0.009231597
0.525040943
46.669920799
0.001111094
1.746112218
10.711009333
15.574581930
22.790262685
0.005838489
0.000747192
58.170259513
8.167124312
0.000790085
1.002727796
0.917587335
24.449429644
3.231019018
0.007029528
0.008234142
1.233743131
0.002081822
89.434001981
0.002109449
0.000273177
1.508190103
4.148900669
4.809045554
14.928108441
0.012356489
45.882703859
0.083461787
4.933976444
0.011933079
0.305675532
0.009424826
0.882752527
82.416898595
2.574129443
0.026743318
0.615537103
0.836746953
13.210854326
0.140690076
0.005596268
0.007411405
5.751374177
0.004276625
0.003852200
0.000697621
0.005725614
0.155456342
60.192058617
0.008825611
0.015089533
0.719555560
0.000386918
0.212418592
1.568517889
0.003565963
0.003543566
23.014464720
4.144759180
15.263022494
0.000660754
6.361423857
0.009807995
17.806169750
0.669155133
0.004636077
18.525079491
26.125063894
0.015219249
1.463004555
5.102349266
0.007137285
0.000862762
0.009791343
0.011925838
0.367866953
0.004633310
89.731817821
0.183030241
20.854612696
8.042329700
1.159320098
76.026624068
3.853460825
2.939101448
12.567614467
1.207326260
0.003366014
43.660235449
0.721618624
0.016856202
0.844700220
0.032630367
0.024853333
0.010492106
1.992911430
0.009496243
0.234109459
29.083472144
0.867125204
0.437978552
0.003811096
0.090944085
0.031103806
58.998188602
7.563803852
13.425011454
44.335632761
3.446170875
0.016981199
0.071629102
24.780729859
43.043198005
7.957607744
0.031209168
0.021898301
0.013297778
13.939967969
0.000162292
0.004365877
7.309089837
0.032920443
0.010850182
28.744967376
0.002234854
0.762294620
0.007249625
19.825218904
0.004671015
38.319557446
63.452405463
0.299148084
0.296209363
7.757712200
0.001622443
65.728029129
13.901385076
0.848157329
0.016232518
0.102866921
0.003985360
12.683941279
0.023873721
0.017723591
0.020781423
0.011924583
0.008862643
0.019152728
25.583732781
0.003205293
0.000176440
0.012050209
15.962433709
0.008288459
3.595133144
1.143697469
0.093954777
15.913407818
0.009480443
0.019996572
1.629696158
35.496254748
14.222837152
34.811629133
0.000148818
20.569196661
0.004531304
23.465490569
15.122721206
0.009409665
1.115743761
0.020217940
7.115332258
41.366956862
0.003436492
0.034985238
0.001391604
0.151103267
0.766878979
0.004812511
19.372630210
16.761614010
0.014504278
51.082837824
0.009769365
0.002187781
0.006452263
0.016706657
0.657062516
0.000470661
0.009484677
0.005579471
0.042930064
0.665473951
9.592629438
0.001402619
0.026171998
0.005973813
30.240845523
0.544898600
0.046988021
51.883216535
0.023734792
33.849996187
0.160901269
0.033093426
0.000398165
38.767829773
87.095432877
0.000178724
0.590901498
17.245791860
1.110729377
39.487088340
0.029833160
8.413283887
0.060143215
16.532847793
27.721422618
6.132492632
0.010711916
0.006851315
18.431077628
0.005881179
0.038133340
0.005928546
1.952976604
0.004481993
4.855241668
0.581403989
12.057856894
5.507674183
39.767688861
13.956486226
0.002864525
0.005953562
0.376733950
0.011770978
0.031675249
29.537379944
2.842858881
24.177088267
3.835315730
2.051619994
53.099894309
0.799626169
34.018547111
0.018470153
0.004223542
16.113787168
0.003541739
8.161374592
0.932025521
0.001581481
0.034521685
0.005970598
0.004236735
2.454928970
0.455363644
1.129052505
0.961387489
49.106705363
0.010436710
0.000984957
1.066408993
2.016796505
0.289558630
0.001138636
0.011678302
0.356075027
0.012418489
68.753653889
0.313654193
0.078842224
17.549434487
0.021761349
12.416485340
34.457925224
0.304933370
0.111421923
32.495427672
2.895846983
0.340402487
0.651322967
0.413600396
3.599622368
0.019375144
1.662888255
1.311813534
0.019004552
0.023371201
0.772772560
13.640512904
6.094557982
0.017174506
0.676444895
0.002919327
19.712153363
0.000450935
79.197198350
0.239007425
0.003839388
1.765717297
0.557122585
1.030829676
0.000614042
0.735059957
0.003085731
0.007161251
1.038446662
16.429368736
1.357804772
0.402846381
0.012271222
0.001317871
10.256131285
22.918547214
8.893795241
2.940480394
0.040113618
0.012843002
7.825941211
0.921914668
12.323844823
1.520002515
3.073157233
66.761969906
4.660241120
2.880682140
0.014501453
0.003085799
24.436302381
0.014688659
0.007918150
2.219556552
0.008286903
0.006274294
0.002832130
30.533883809
9.905714650
0.008607352
0.000794293
4.738269513
32.897637693
4.137337696
8.605807471
0.398177143
26.348424214
0.002478378
5.474145562
0.349357737
2.388140386
0.020790809
28.879628747
3.299362675
10.437200306
6.454896996
5.166587423
2.993266759
0.186553880
13.536576714
0.081394803
0.003581970
34.394560497
0.091523139
0.005854563
0.515758821
17.800847337
0.250612247
2.867801383
5.947725443
6.111895717
0.108713252
2.365564610
58.062115147
0.061275891
0.002534522
0.015945215
0.797390750
0.005390889
9.646370019
0.013656924
25.111775346
3.998183127
23.678274670
1.837910515
0.001948267
7.558115916
0.000277744
0.759459093
0.041971251
0.996750062
0.000335668
2.961578241
74.451971034
8.905694681
0.003442600
0.178568558
115.310232754
9.966073655
0.002110109
10.719599714
0.044309984
0.004925601
0.014971199
0.011383852
0.013818671
0.012300484
7.384250070
57.445530525
2.776736963
15.743451679
39.636194879
0.070902578
0.005621252
0.377873599
0.003360811
22.964734284
9.080331947
0.018058426
52.075111650
0.833990911
0.003104186
0.076916975
0.450561432
3.193702017
0.196229472
1.056843377
38.377037678
0.060661525
43.716798960
0.009789768
0.005254876
0.117564947
5.724427279
2.496110739
0.006353054
16.607857064
0.005728460
10.418638509
0.003174219
0.039067284
48.235746786
0.014913277
0.010125838
0.108156401
2.896980187
0.057241998
0.006378045
1.006961169
9.905930719
0.221807273
0.003351670
0.001943363
42.753373517
0.002640568
16.811672931
0.000523217
7.857166726
9.539204390
0.000463365
8.148846650
15.190727428
21.835111568
38.310159420
0.013182963
0.008627879
0.055304821
12.917402082
0.005936668
0.032812649
0.006239026
1.965355734
0.006031003
0.008700975
0.539017062
1.356972350
1.086172239
0.004281144
0.017372414
0.012680591
14.641311639
1.899565660
5.058603944
0.011322729
22.143124862
0.013746139
15.741570953
0.238687240
1.268001832
1.844391051
0.002808075
8.433608903
1.077106632
17.580867003
23.764104182
29.689648042
6.902219744
0.008573674
0.009865889
26.135599326
0.619611275
0.025321989
0.000630260
0.857468914
0.110670999
0.010916908
0.748878162
27.621282883
4.333967006
37.207803349
0.286084396
0.012053931
0.001701647
0.178647048
0.019345784
0.458128261
9.605825199
34.566743479
0.030234978
45.434385599
0.000546171
53.012617198
45.629087047
9.825124558
0.008890517
54.489074008
29.547263487
0.003356529
0.994830016
0.006424166
1.366544250
0.950271353
0.008617732
2.456296330
1.132158541
0.001654149
31.338250840
0.006416496
0.007437836
19.678806269
8.016348351
0.017417160
0.002923853
22.731323183
0.000351070
1.279354701
0.019327505
6.461303822
0.006790894
0.038551708
0.027386407
16.133139913
0.000345668
8.285393253
2.940257152
0.242466410
34.872143476
0.019029881
24.605670042
5.062005918
1.963389022
0.781656282
76.930315969
0.001780274
0.007074362
72.944685023
6.573226634
16.925456074
4.753281412
0.032679900
0.256793514
11.609509741
0.396855806
30.644137552
11.040584425
10.879518649
0.044809768
0.000049305
0.017746267
30.493313900
0.030386653
0.584981298
0.022768124
0.017988451
9.321184572
0.005483505
1.173180621
1.146670260
13.235278576
6.735229875
0.024566185
0.044082821
0.009573109
34.993007372
0.000964524
0.021821051
14.229964200
0.006127289
7.121467501
21.741685304
0.768624344
28.090072417
0.003076074
0.001037602
0.000818165
0.009988626
0.903452335
39.346993097
0.020798797
1.155097042
1.714280884
0.182748062
24.916108532
8.699563618
0.258389782
25.320201757
15.729737026
0.005610586
0.901250403
0.003754216
1.012955213
41.867450140
0.765155365
0.005595224
50.497303653
19.341860496
0.000985948
0.008218335
0.468037900
40.022747810
0.023355338
4.890844663
0.031402073
0.518414437
0.797876254
4.862933429
0.000271205
2.587001916
76.253456015
33.722487215
9.762761704
0.003158236
0.543203661
2.472403727
27.491113193
0.723408793
0.029150449
0.013911683
10.449306152
18.572570772
0.815304769
16.752983366
0.018788888
3.719159958
0.002860098
2.097934662
11.640570455
8.294658919
0.002574307
0.019845950
0.001832904
14.322088596
1.678700871
21.575590349
0.004465715
0.005400996
0.619322038
17.994219362
15.121896866
1.063364860
0.005424888
0.317962066
0.451255651
0.000578852
1.849622768
7.243120734
0.377837400
0.005098496
0.013541054
11.261758723
0.004682013
0.037913376
0.005562086
0.991492945
0.029887803
0.622318028
0.012431413
0.002510962
0.382833290
0.488899848
0.013054607
0.012325772
0.712268050
51.411233578
0.469615412
0.002760185
6.754683431
12.804233935
0.015827675
15.403816263
16.042117364
34.904208180
0.001091375
0.233038869
0.002875757
0.453202304
11.846122204
10.949301877
0.246849447
0.003960091
12.650046458
66.319392639
1.538442755
77.986339583
4.031890527
0.021797420
16.917772334
0.003812432
0.001025796
47.544495563
0.011290068
15.760752383
0.003149004
19.044665207
6.190968970
1.408328347
49.196457675
0.000583120
0.012020501
20.472464195
0.002982626
25.476800710
0.038858737
0.000077534
21.603384896
0.009385939
0.008678673
31.380606434
0.008897882
5.375215497
0.604602176
6.776565431
0.575187908
0.010278806
37.394331347
0.192345796
18.353195605
148.173592095
0.014130946
9.239137593
1.835646338
9.411581540
4.293928800
3.416695467
0.282451893
4.518795910
0.021513607
0.044211490
0.009409390
7.078333928
8.713624933
0.012746321
39.837913576
12.211889655
13.351970778
0.013544986
51.905998272
13.776148030
22.758642402
0.002993137
36.419740164
1.043814463
15.140007088
0.006049035
12.507947313
17.655722170
0.001677018
0.031150045
0.028445247
0.002542627
0.473056553
0.737990069
9.072339683
2.633472542
4.578573895
0.118722528
8.469958648
0.009400847
0.003915830
0.285123696
52.207373810
4.635661307
0.014589573
95.719659585
19.391133071
80.385097158
15.427986017
5.202568598
1.355471350
0.033955576
2.632179927
0.015944163
0.012427430
0.008748130
0.712542093
29.082117230
1.677613242
1.795236480
0.001534744
0.283623643
0.032513583
1.833715856
0.717484081
0.000681251
2.067129756
0.002867816
2.178796256
0.991990119
80.292257049
0.034550421
0.008732434
3.385173506
0.557540037
0.004523222
0.012651460
0.804062457
0.004499111
55.352753555
3.796744566
2.568090156
21.659901772
0.001024113
22.292354008
0.004648674
2.566121162
0.000579931
32.859540906
0.009923734
0.003217541
4.697249307
1.260448725
0.002135531
0.007813378
0.003335433
5.798295513
0.001296025
35.616360552
0.001137075
0.000352878
0.465156087
1.498400219
0.012530502
0.432740077
0.001476881
0.000315431
2.356478160
1.778702060
1.036870988
0.403813670
11.292976670
0.010138331
2.747230392
0.024433450
0.002098653
0.015490837
9.760405103
62.967515637
6.639667128
0.003556971
75.301226622
0.002278960
27.708359697
8.583184305
0.708904374
7.463960791
0.001313795
0.719050504
0.352221643
0.156991087
0.973361960
24.167164373
0.003306175
83.325981454
0.008054656
0.005017807
11.373127835
13.569753685
0.546820277
0.001474765
3.735524700
13.059929026
0.012224050
0.017316718
0.028856827
0.001267473
0.039998658
0.001267955
17.830721387
24.286312453
0.013861162
56.064652017
8.623099022
0.012082472
10.365067199
13.009120359
0.011669308
0.516081719
0.003902575
3.594345791
3.215120002
0.002560193
1.363720515
0.011092611
17.230777807
21.524240163
0.181982862
39.987321157
22.771504459
0.000319376
0.119034693
1.278052154
0.524312606
37.608666222
1.003444202
0.051176123
0.028188506
21.619530256
19.253086815
0.010881307
0.012247539
32.894868189
0.633330303
5.904414319
85.762401882
10.019304515
0.477984413
18.258645657
0.012830401
0.030734948
5.537802546
8.481686505
0.002697984
46.415280728
27.883734418
5.508901047
0.003341394
0.000209360
29.582237449
4.834482340
0.007333056
13.469530731
0.248510627
0.008724087
1.788300008
0.005505561
0.017467434
0.013627222
22.374272808
51.380030536
21.410885582
8.265245693
0.587078885
0.001436351
0.015037227
2.166668690
0.001369773
0.063639970
0.003592001
13.121802383
0.007186032
0.000815650
52.696793242
0.002750320
49.658227886
0.002369016
0.005582492
0.014613288
0.003105211
0.216899789
0.296652824
1.835031400
0.695771982
2.100332155
33.805892315
0.005891977
0.862477972
0.003497952
0.438298689
0.002614425
1.136695185
1.742266498
24.201730950
0.022587669
0.012554316
0.009243968
3.202796747
1.921837770
42.146798076
1.685347788
27.756799873
0.004328064
4.188924719
0.003034769
0.002081768
0.005180604
0.063542087
18.220467192
1.686817109
0.010532534
25.036539264
0.012595117
0.320016992
0.017281137
0.002817795
20.584565477
9.020878016
0.008571200
0.006828095
0.003985311
6.464054605
0.459461679
13.869645519
4.441538661
3.038196323
0.003930360
0.045792406
0.011397246
0.006704785
29.683588225
4.510804138
41.616193256
0.010210165
0.441492041
0.041242467
17.049982499
0.010728135
0.000695229
17.891004548
0.015746742
20.113524215
0.002698370
25.420319630
1.881990636
0.252249560
23.367234241
66.854672056
7.659737155
1.339741689
0.037379486
16.364782275
20.684778328
0.011870291
0.755811009
13.664161858
1.064727797
0.597611548
0.016924249
3.799852815
0.002385338
6.815844021
0.551480698
0.002028477
0.021641482
0.010812124
18.860025715
0.855289469
7.240403809
0.613562980
17.969547641
0.007883680
19.326242873
0.009758360
0.025453555
4.373898991
0.002108274
21.429852228
6.998810264
0.008365537
51.879200503
0.000869021
0.060323456
0.196321219
0.025927545
0.012978458
0.001874319
0.256781473
0.002267678
0.001435866
0.423715075
0.000009218
0.009143162
10.644955008
0.003242293
1.828925487
4.506198868
0.003278812
0.012471688
17.369107084
44.966275548
0.012751954
1.072272108
10.147346646
0.020669587
0.003345268
0.005602842
29.936369270
2.409860134
4.409313917
34.434146249
0.004112187
0.007117501
3.244141563
17.909239937
14.441733864
7.659542240
5.562877954
0.049695626
0.006876709
1.274823159
3.238047725
0.009831086
0.000681049
0.012821143
0.025605874
9.223858400
0.921003958
21.036462914
0.008713223
0.185541702
70.004340686
0.004628007
0.013000339
9.766662571
7.282702959
0.236228337
0.001009430
1.225158966
26.341060414
30.276527277
34.603175646
1.693574094
0.009096749
30.871023578
21.275476506
0.003054325
0.006172230
0.005081127
0.602710240
0.545032976
0.030506432
0.020593828
0.893638755
0.001728313
1.922393589
1.141687935
0.001430764
3.076281132
29.153370261
0.241051058
8.041528931
0.579271527
4.340373240
1.960518075
3.623164247
8.033743760
14.870970395
4.644921120
15.770299103
2.708772454
0.003150686
13.884294153
5.970770614
49.742653829
7.799432664
1.278797358
4.061112525
0.625570369
0.012791915
0.028076445
34.204114488
11.782290738
26.843844282
4.564666621
0.023348047
28.793779888
0.000019433
8.677916275
0.001154313
0.005564921
4.175793897
0.001457685
0.158520448
6.858713942
0.012243276
23.565787911
0.010647924
0.706821544
30.009226549
0.604582888
0.597388394
0.036501864
0.000006711
3.330100756
0.005919112
0.008579440
91.267207756
23.416699258
15.465114010
43.477606159
0.429628191
0.008802596
0.002951682
121.482258420
0.021545183
0.010632274
0.000881370
0.006869485
31.553120400
14.135531839
34.383320076
0.015330128
2.036065033
0.005134844
6.919293587
25.959180284
75.056155801
0.004850911
0.007192466
0.000280645
0.002811608
0.277762547
43.453445220
0.000216510
3.346163969
2.005533709
40.411936940
0.003472112
11.069618639
0.355423856
0.013137739
0.939812829
53.562990450
0.007322969
29.793862837
0.021370765
0.008268598
4.556724112
0.008948241
0.002011801
0.577021691
0.005876676
3.255340794
0.027953061
0.065981268
2.565556937
0.002086016
34.462784777
0.399614893
3.536819551
0.000455133
0.033595379
1.690431351
0.647441725
0.460353768
10.216868172
18.604546500
0.002880804
31.985032134
0.000344663
0.010340654
0.040255869
18.944343723
2.341407255
0.421582553
32.557955083
3.408101289
32.916260704
11.626470128
1.852778788
25.920896728
0.654352469
1.242704704
8.935700081
14.042455938
19.894466431
1.375759663
4.251495727
1.468025106
7.160126362
23.356121410
0.015053213
19.274575498
1.065182929
0.003124917
29.611932127
0.006156186
44.199710046
16.535292398
32.435967654
0.002864923
16.718353494
6.596737468
9.201022040
2.229300542
0.003179824
0.000657049
21.148575564
26.108030823
9.806519610
0.118954513
13.116512956
0.016453935
0.003818361
12.931089668
0.001707948
7.201422801
3.063621575
0.008859135
1.115913621
60.967340003
48.896062944
23.052895758
25.551666773
0.002270300
17.266595744
7.774040286
0.173920959
17.248214905
0.497254758
1.877055757
0.006249991
0.783094100
52.039202875
0.123480873
0.005985860
0.006500514
19.571910123
21.300549576
0.003195356
0.012340828
22.851905870
31.443097431
9.231004226
0.827286735
1.041195151
3.739207758
0.053367463
58.887389119
0.245694550
2.098979637
0.006878211
0.004038717
0.003112398
0.000383347
19.502102827
25.621038339
0.019631378
0.030781302
0.003667990
1.287147212
53.166957704
15.067962008
27.153333155
0.761557135
0.004099460
18.301002274
1.298743692
0.107048340
1.251485668
13.642172241
3.493350599
0.882913484
0.019828019
0.001266196
16.448330219
24.219101894
0.755890261
0.000079125
2.202329771
0.006542958
0.004536209
0.004685361
0.009249280
0.751920546
0.009284008
4.087127520
55.990697654
18.834685304
0.187889917
13.891395549
45.346241532
0.001442452
0.012156522
7.028286151
4.179001205
0.018829869
0.245712151
1.952679827
0.004123781
2.469908933
0.604172662
0.004252698
22.265606590
0.007701994
5.083172847
0.011894390
0.001230105
9.500444277
0.005041565
3.165639829
39.650134356
0.014621252
16.374107648
0.005113947
0.002094365
20.837950593
47.102083520
0.149782395
50.211741916
0.026845377
5.333836946
42.231795122
22.214920272
0.576053425
0.020470035
0.008007813
27.487094518
0.121375213
0.001381787
0.006572399
0.272466710
28.746670236
0.002852249
0.002595632
1.860845506
20.715421270
2.402019799
9.100092464
0.004786456
0.007534456
8.816685775
0.444227057
15.272759748
0.015963865
0.011744778
0.003234838
0.010874967
0.006821858
0.011770897
1.858917079
0.008887970
0.008488807
2.027444981
5.448450590
1.084144612
0.500646418
49.082094662
0.031955961
1.192847831
0.003581132
1.107557068
2.718460119
0.006782071
1.433694188
4.721059245
1.635698494
0.009847762
0.001746255
22.176507730
0.019661995
0.039511188
15.207744220
17.460369327
1.004540962
2.254502912
0.002394709
0.016725925
2.618811625
3.886063426
0.013636815
29.197229515
0.016526262
0.013892708
0.121899453
0.163066339
17.931336760
25.219848856
0.008541935
0.009674637
0.000778637
2.015066550
0.015695882
0.835542258
0.002987664
50.380850816
0.010744637
14.558094474
0.788068202
2.531180628
0.006792913
5.702806771
0.006994128
0.006082901
11.670243164
6.618913441
0.031059088
42.183314376
7.257321240
5.601905606
2.908941116
24.248267407
0.168512747
0.019557476
4.849323258
0.001747321
0.481521270
0.007735709
0.004483412
14.643542221
14.577323004
22.363935930
0.089447201
0.002720374
0.015513476
1.776915392
0.004466132
0.005316969
0.003202287
0.006255455
0.148993664
0.022680632
0.057193154
0.008176512
26.464584739
0.892116260
0.007034861
0.020418644
0.000136931
0.008589688
0.000353424
0.787950918
0.008571232
25.995521330
0.821608773
41.558444537
0.550026915
0.013775691
0.014173016
0.001735766
101.567107167
0.001421412
10.266035428
0.008901207
0.015608352
0.000500536
0.058260160
5.973787071
4.537376182
0.000658240
0.012283792
0.002281803
0.024269480
1.362684776
0.129162883
0.015338562
0.001554887
18.232809848
0.013823381
0.981145563
2.454504275
0.002819253
0.006836799
42.128252376
10.390373662
18.049601695
0.023871967
0.007606705
13.609060934
19.492681953
0.014432504
8.795457644
0.018441172
0.001849417
9.988509811
0.010667102
5.674243130
0.030085132
18.074361631
2.421847693
26.935202234
17.505271322
0.769524241
0.007875007
0.176668798
0.028245685
1.799333149
4.884818324
13.473975614
2.262151828
15.419648141
12.155045045
5.418975993
0.780313824
0.005016869
2.174983096
91.041004295
0.640054257
3.566787544
72.229162368
13.105931183
0.017099694
0.000647719
0.782414512
1.248811224
0.012604287
15.628702428
12.713208187
0.006422637
0.589287053
0.270925729
21.278856688
25.759893529
7.227501578
0.129370981
0.010783887
18.405793797
0.015225882
0.002562383
5.145937053
0.007007329
0.919598659
44.389271012
0.045691369
44.451117681
0.000551327
0.009255414
18.018665817
0.032939449
14.206967408
0.242438132
0.648443909
0.008081631
0.001871697
5.908921659
0.015317058
8.783641050
0.093491166
9.086392518
4.389033170
2.138773617
0.001376464
0.011151428
0.474744350
4.598499766
1.203616354
0.006480136
0.022854510
28.653126760
0.088726002
1.276172295
31.768599443
0.006152553
2.910940390
28.810568757
5.374537945
2.248610720
1.453159174
0.033551971
0.046695890
6.974128790
1.005952564
0.988023593
14.380039453
0.003146026
0.469925795
2.154915931
0.003448694
0.007485069
0.013105305
6.575211855
1.303496344
0.000951047
23.853786110
0.002476766
0.004912325
0.008695833
19.351134724
0.002922916
21.027843260
11.073590142
22.743923507
0.014120575
98.374207238
15.377744175
0.000203056
37.995049473
0.022207059
0.005237935
63.338924933
0.507911133
0.006584983
1.819153322
4.973014643
0.259571341
0.000013313
14.570889921
0.001545655
3.504354037
0.001865389
0.001900887
30.627961768
0.330016579
0.019395995
2.387775450
0.452524333
0.027642889
31.284072032
1.251477694
13.019138709
8.253202027
4.119912461
17.283670650
0.000573962
1.267315036
70.352292827
0.004980262
21.598434519
19.871145715
115.580417942
4.487467259
0.011001091
0.323774851
18.745170155
16.721038475
68.460836515
18.141109873
0.014707131
0.021531343
4.435293318
0.620521347
0.704765626
62.342982889
0.002096961
0.140657440
10.404135979
19.854093836
1.319596108
13.599866705
0.011130926
0.587503610
18.840877658
19.038076405
25.116487024
0.096636422
0.003236198
0.005238991
1.486235390
0.050307690
0.022136572
1.033778816
6.921321194
0.003078915
0.005802583
0.005144218
3.909023791
11.092841976
27.399996117
2.049470135
8.403383426
0.014411280
21.450056228
0.013715255
0.006106742
0.018066769
0.005812136
0.015141282
38.622165377
2.008075097
0.007736284
0.011923105
10.929379655
0.018594473
10.873491407
24.711238945
7.428662258
0.003816835
0.000040959
6.587696058
0.000069678
1.491988642
13.751699961
0.008993247
32.580836265
0.000918745
0.000874531
2.305732807
0.004334607
0.005343454
3.833310804
0.009353612
0.005172151
20.648942518
0.010866929
0.008374525
0.001933551
13.913902769
0.004962477
10.823031313
0.941309760
0.041584591
0.982584578
0.018161166
0.014417220
0.000149628
15.403455854
20.280630988
0.017188998
76.295632891
1.870721968
23.674884493
6.993066678
0.001835772
0.000192239
0.000831678
0.017985602
0.013453223
0.002872384
0.006232969
2.969216780
0.007133851
1.213212718
1.448130341
39.845316170
0.001821341
0.006923320
1.089184250
0.001316002
0.723624637
2.140449855
0.005123569
0.003107725
0.151208520
0.002797696
9.209803440
0.016070005
6.976658915
0.050612288
0.008095155
4.881834733
45.438307559
8.105445461
0.241242553
65.160621990
0.010557081
0.391759889
0.014520797
0.027392757
2.023332090
0.001476104
0.006803042
0.488672604
3.507130215
0.651443333
21.566630539
0.001426870
0.022099146
1.556838276
0.004566462
59.025802307
4.266258583
0.923655628
0.006877592
0.002469858
0.005313419
31.042920817
0.009063337
0.005025688
0.028542616
0.005367079
25.519356551
0.035572050
1.580372852
0.000875977
0.010791084
51.213038924
3.814389532
18.063643935
15.760490382
0.371303156
0.037327746
0.013368242
12.012714695
0.010161139
22.714397608
0.009564587
0.000118386
9.957028109
0.261652074
12.529530073
0.260066006
57.551524069
0.003763964
2.786199898
0.021541609
61.571017730
0.022562518
0.427751074
0.007119206
0.005467840
17.170418446
0.019874382
1.923452514
18.316124123
0.025370377
6.383443269
14.624720720
0.352730745
0.006545031
4.363892293
0.022576566
15.326548831
1.832060612
0.012619779
3.934786687
0.487560057
0.013009123
11.791691227
21.525629293
0.006411243
0.573342577
24.702108750
0.776885056
0.001074914
0.507685490
0.284417736
0.006417820
0.015404315
0.009500897
1.362393542
0.004987233
0.017344771
1.361036777
0.012842632
0.767799531
33.800653584
16.012709191
4.135256487
57.444329730
1.047751025
2.071683831
31.736135667
91.027212272
0.183405656
0.545710944
6.851316517
67.121887424
0.433271569
1.352153420
0.005045938
0.322604137
1.322821796
0.007572169
0.008072095
0.001364500
3.797841166
10.125385860
0.003986824
2.265877440
0.004015561
0.002006550
33.754141304
63.521637942
0.774869233
0.009133684
0.627915162
30.542772622
0.019255533
13.227922446
0.472012796
8.656532404
0.001728500
38.324374559
0.010842168
28.347205765
0.001569740
0.000204239
0.006516630
1.562257740
17.191024597
1.401104335
19.267283398
6.370444073
50.137166350
43.540738701
0.005503856
0.027180991
0.009015588
0.026736230
0.005046782
0.000534986
2.267675053
0.000571032
29.023616391
19.982072363
32.647883342
11.694398719
0.000099103
8.780878240
0.007446413
57.390570919
47.934777615
0.383070174
0.030738169
0.005804998
30.862700853
33.181482805
5.838128858
27.147052045
1.332271960
0.013420189
0.042393251
25.746441737
29.491910141
0.002748150
0.028835514
0.011160187
0.625624289
0.001863725
0.384647588
9.675560085
0.500520817
18.362165648
0.007129169
4.805902726
14.091425220
0.272617055
0.843932731
0.006432855
0.503201462
0.000125876
24.397055755
2.864483718
2.699165073
14.033264547
0.008430407
1.404053585
22.891891219
25.833144258
0.004118035
0.009590916
0.966097076
0.037198981
0.022568344
0.008229101
0.581276200
0.947140128
1.240973654
0.002466197
17.230524649
0.043693147
0.345960374
0.024786283
0.120536681
1.550169137
11.114880289
0.001101872
0.079601873
10.411110293
4.007501499
0.010634296
15.206778917
0.025195575
12.608453462
0.017963900
0.009937753
0.011232251
0.011585415
1.578804878
0.004275771
0.012003296
0.014489658
0.009713070
28.301901965
0.002583691
2.388700452
0.002805844
0.005733156
0.664633358
1.265868702
0.001086274
37.079216169
6.418096747
18.162084853
1.276804684
4.169324567
3.724780387
5.290961768
0.570848668
3.810153340
0.836539411
15.483778131
0.009212985
0.541497561
0.019556089
0.006388731
12.239466677
16.224602429
18.117536499
0.562196425
16.838709163
16.699854775
0.615673523
12.099011070
0.010730518
0.003678745
0.006439698
1.904199769
8.197664553
61.694929604
0.002008736
2.572835212
0.023179638
0.002022229
0.003880124
1.282854057
0.019150016
0.009308601
0.012441575
28.425855410
12.635814757
26.604513584
0.002511082
0.002463488
4.175496665
20.685966603
20.640355647
0.008000535
2.139930142
0.496757152
0.084350951
33.082138880
0.010496510
18.173156347
0.015338296
0.001598611
16.962465365
25.054115945
1.771333319
28.893758881
0.133295655
51.711664396
0.009298047
0.991548245
16.004720796
0.001213713
0.330959103
0.001401494
78.562906730
0.648143141
18.075784522
64.121878742
9.099730385
0.003212126
0.005411583
4.884263917
7.383840790
0.003515692
15.564398553
0.004548348
34.765649893
0.000435091
6.800262259
0.027770187
5.190759999
0.002677128
24.323037479
1.171037764
0.038032128
7.512896028
4.743523105
0.621388260
0.644680478
0.002155235
28.220946879
20.758092163
7.488123494
3.050505058
0.024290724
0.766529266
1.055835090
2.344521843
1.729118511
5.951124750
30.681753388
0.765146239
0.840450050
0.007400204
1.414290021
0.015988282
0.004758387
15.581045165
0.013664905
0.252295039
0.507937801
9.237793390
20.421944626
0.001118639
83.850244436
7.306574134
25.419478136
1.096369615
1.712067839
1.167510298
0.003304526
0.024198191
57.046503977
0.001190559
9.401144535
58.908525926
0.013237733
3.252128867
0.000922976
24.573127841
0.378927414
8.565902996
17.168615072
0.466338893
0.001016144
0.009566511
0.005475745
7.519236343
0.025306091
53.380060830
13.535885970
19.213197031
36.919104707
39.356820765
0.005540327
39.532598401
0.002406281
53.641332701
3.065229837
26.028240326
4.775286019
11.904117209
1.274087701
0.014426308
18.573437024
0.005724210
0.036041653
1.537284562
0.015883440
23.416069688
15.812971109
0.472195170
15.697940289
0.603964865
4.028437908
8.045436402
2.148299397
0.027251808
0.000332081
2.705801879
0.015932408
23.418994553
17.193263815
81.922040321
0.435304556
0.018660788
3.788583744
0.007428878
0.643158557
0.013174081
0.008093236
14.276905617
0.006538249
1.162876830
0.006316576
0.014748548
0.002305853
9.260820312
0.021011239
6.330046058
0.002474787
0.020647031
0.001158647
0.523881456
1.518393474
0.011027814
0.005939994
1.471194937
0.017512054
21.627541372
0.010621378
0.006405124
0.010704181
